200 0.1 161.94954431700467 0.1
200 0.1 173.85344607185363 0.25
200 0.1 161.94954431700467 0.5
200 0.1 210.16538310588086 0.75
200 0.1 172.39342844751965 1
200 0.2 143.76576907051015 0.1
200 0.2 190.9118029699487 0.25
200 0.2 240.898971582622 0.5
200 0.2 340.1752870314687 0.75
200 0.2 502.3687891551116 1
200 0.3 149.25195925367447 0.1
200 0.3 198.5683113449217 0.25
200 0.3 248.0934095925367 0.5
200 0.3 450.72005737480833 0.75
200 0.3 806.3875527013056 1
200 0.4 92.02 0.1
200 0.4 93.68 0.25
200 0.4 97.88 0.5
200 0.4 91.72 0.75
200 0.4 93.28 1
200 0.5 149.99532508850098 0.1
200 0.5 199.73443984985352 0.25
200 0.5 249.94117259979248 0.5
200 0.5 498.8686200603843 0.75
200 0.5 1039.0011901855469 1
200 0.6 149.99993818854864 0.1
200 0.6 199.99659452714187 0.25
200 0.6 249.99704280685503 0.5
200 0.6 497.1097841079809 0.75
200 0.6 1589.333378573352 1
200 0.7 149.99997289108828 0.1
200 0.7 199.99999994155368 0.25
200 0.7 249.9999693276407 0.5
200 0.8 499.9999455767331 0.75
200 0.8 1883.9939199929906 1
200 0.8 149.99999992134272 0.1
200 0.8 199.99999932625633 0.25
200 0.8 249.99999948633024 0.5
200 0.7 499.47992951156766 0.75
200 0.7 1557.1428525759454 1
200 0.9 149.99999999999997 0.1
200 0.9 200.0 0.25
200 0.9 284.99979399999995 0.5
200 0.9 499.9998109208818 0.75
200 0.9 2308.3333333333344 1
200 1 150.0 0.1
200 1 200.0 0.25
200 1 300.0 0.5
200 1 500.0 0.75
200 1 2490 1