1 3 0.0
1 1 -0.8999999999999999
2 2 -0.8999999999999999
2 0 0.8999999999999999
1 3 0.0
1 3 0.0
1 0 -0.8999999999999999
0 3 -0.8999999999999999
0 1 0.8999999999999999
1 1 -0.6299999999999999
2 0 0
1 1 -0.44099999999999984
2 1 0.3
2 0 0.030000000000000027
1 3 0
1 3 0.8999999999999999
1 0 -0.33000000000000007
0 2 -0.6
0 1 0.9299999999999999
1 1 -0.008700000000000152
1 0 -0.23099999999999987
1 1 -0.006089999999999929
2 0 0.921
1 1 -0.004262999999999906
2 0 0.6446999999999998
1 1 -0.002984099999999934
2 2 0
2 0 0.75129
1 0 -0.16170000000000018
0 2 -0.42000000000000004
0 0 -0.6
0 3 -0.33000000000000007
1 0 -0.1131899999999999
1 1 -0.0020888700000001315
1 0 -0.07923299999999989
1 3 0.030000000000000027
1 1 -0.0014622090000000476
2 2 0.27
2 0 0.8259029999999998
1 1 -0.0010235462999999
1 3 0.921
1 0 -0.055463099999999876
1 3 0.6446999999999998
1 3 0.75129
1 0 0.56117583
0 0 -0.42000000000000004
