2 3 0.0
0 2 0.0
2 0 0.4
2 3 -0.08
1 1 0.0
1 2 0.4
0 1 0.4
0 2 -0.08
0 2 -0.05
0 0 -0.08
2 1 -0.08
0 0 -0.05
0 0 -0.03
0 3 -0.08
0 3 -0.05
0 0 -0.01999999999999999
2 0 0.31999999999999995
0 0 -0.010000000000000009
0 3 -0.03
1 1 -0.08
2 3 -0.11
0 1 0.31999999999999995
2 2 -0.14
0 3 -0.07999999999999999
0 3 -0.04999999999999999
2 2 -0.09
2 0 0.26
2 3 -0.12
2 3 -0.07
2 1 -0.15999999999999998
0 0 -0.07
0 0 -0.03999999999999998
2 0 0.19999999999999996
0 2 -0.09
0 3 -0.030000000000000027
0 1 0.26
0 0 -0.08000000000000002
2 3 -0.08000000000000002
1 0 -0.08
2 3 -0.04999999999999999
2 2 -0.13999999999999999
1 1 -0.05
2 1 -0.14
2 1 -0.08000000000000002
0 2 -0.11000000000000001
0 2 -0.06
0 1 0.19999999999999996
1 0 -0.05
0 2 -0.07999999999999996
0 0 -0.08000000000000002
2 3 -0.030000000000000027
1 1 -0.03
0 0 -0.04999999999999999
0 1 0.16000000000000014
0 1 0.1299999999999999
0 1 0.1100000000000001
1 1 -0.01999999999999999
0 1 0.07999999999999985
0 1 0.07000000000000006
0 3 -0.22000000000000003
1 0 -0.03
1 0 -0.01999999999999999
0 1 0.050000000000000044
2 1 -0.04999999999999999
2 1 -0.030000000000000027
0 2 -0.17000000000000004
2 1 -0.020000000000000018
0 2 -0.09999999999999998
1 3 0.08
2 3 -0.020000000000000018
0 2 -0.06000000000000005
0 1 0.040000000000000036
0 0 -0.16000000000000003
1 1 -0.010000000000000009
2 0 0.16000000000000014
0 0 -0.09999999999999998
1 1 0.0
2 0 0.1299999999999999
0 0 -0.05999999999999994
0 0 -0.030000000000000027
2 3 -0.06999999999999995
1 3 0.05
1 1 0.0
2 0 0.1100000000000001
2 1 -0.08999999999999997
2 1 -0.05999999999999994
1 2 0.31999999999999995
2 1 -0.030000000000000027
2 3 -0.05999999999999994
1 3 0.09
0 3 -0.1499999999999999
2 3 -0.040000000000000036
1 2 0.26
1 1 -0.12
0 0 -0.020000000000000018
0 2 -0.039999999999999925
0 1 0.040000000000000036
1 3 0.11000000000000001
0 3 -0.10000000000000009
0 3 -0.05999999999999994
0 1 0.029999999999999805
2 1 -0.020000000000000018
1 2 0.19999999999999996
2 1 -0.010000000000000009
2 2 -0.17000000000000004
0 2 -0.040000000000000036
2 2 -0.09999999999999998
2 3 -0.020000000000000018
2 2 -0.05999999999999994
2 1 -0.010000000000000009
1 3 0.09999999999999998
1 2 0.16000000000000014
2 2 -0.040000000000000036
0 2 -0.020000000000000018
2 1 0.0
1 2 0.1299999999999999
0 2 -0.020000000000000018
0 3 -0.040000000000000036
2 3 -0.020000000000000018
0 1 0.020000000000000018
2 2 -0.020000000000000018
0 1 0.020000000000000018
2 0 0.07999999999999985
1 3 0.12000000000000005
1 0 -0.22000000000000003
2 0 0.07000000000000006
2 1 -0.030000000000000027
1 3 0.07999999999999996
2 2 -0.040000000000000036
0 0 -0.030000000000000027
2 1 -0.019999999999999907
1 1 -0.16999999999999998
0 0 -0.020000000000000018
0 1 0.010000000000000009
1 0 -0.14
0 3 -0.030000000000000027
2 3 -0.040000000000000036
0 2 -0.019999999999999907
0 1 0.010000000000000009
2 2 -0.019999999999999907
2 3 -0.019999999999999907
0 1 0.010000000000000009
0 2 -0.020000000000000018
0 0 -0.019999999999999907
2 1 -0.010000000000000009
0 0 -0.010000000000000009
0 0 -0.010000000000000009
2 1 -0.010000000000000009
1 3 0.040000000000000036
0 3 -0.019999999999999907
1 3 0.029999999999999916
0 0 0.0
2 3 -0.010000000000000009
0 0 0.0
1 1 -0.09999999999999998
0 2 -0.010000000000000009
2 3 -0.010000000000000009
1 1 -0.06000000000000005
0 0 0.0
2 1 0.0
2 0 0.050000000000000044
0 0 0.0
1 2 0.1100000000000001
2 3 -0.020000000000000018
2 1 -0.020000000000000018
2 0 0.040000000000000036
1 3 0.040000000000000036
0 2 0.0
1 0 -0.09999999999999998
2 2 -0.040000000000000036
1 1 -0.05999999999999994
1 1 -0.040000000000000036
2 0 0.040000000000000036
0 3 -0.020000000000000018
1 3 0.020000000000000018
1 3 0.010000000000000009
1 3 0.010000000000000009
2 1 -0.020000000000000018
2 0 0.029999999999999805
1 3 0.0
0 2 0.0
0 1 0.010000000000000009
2 1 -0.020000000000000018
1 3 0.0
1 1 -0.020000000000000018
0 0 0.0
0 1 0.0
1 1 -0.010000000000000009
2 0 0.020000000000000018
0 1 0.0
1 2 0.07999999999999985
0 0 0.0
2 0 0.020000000000000018
1 1 -0.020000000000000018
2 0 0.010000000000000009
1 3 0.020000000000000018
1 1 -0.020000000000000018
2 0 0.010000000000000009
0 3 -0.010000000000000009
1 3 0.010000000000000009
1 0 0.0
2 2 0.0
2 2 0.0
1 3 0.0
0 2 0.0
2 1 0.0
0 3 0.0
1 0 0.0
2 2 0.0
0 1 0.4
1 2 0.4
0 3 -0.08
0 2 -0.08
2 2 0.0
1 1 -0.08
1 0 -0.08
2 1 0.0
1 0 -0.05
1 1 -0.05
1 0 -0.03
0 1 0.31999999999999995
2 0 0.4
2 1 -0.08
2 1 -0.05
2 2 -0.08
2 2 -0.05
1 3 0.08
1 3 0.05
1 1 -0.03
2 1 -0.03
2 1 -0.01999999999999999
0 3 -0.11
2 2 -0.03
1 1 -0.01999999999999999
2 0 0.31999999999999995
2 2 -0.07999999999999999
1 1 -0.010000000000000009
0 3 -0.07
1 1 0.0
2 0 0.26
2 2 -0.10000000000000003
0 0 -0.14
0 0 -0.09
2 1 -0.12
0 2 -0.11
1 2 0.31999999999999995
0 1 0.26
2 1 -0.08000000000000002
1 2 0.26
2 0 0.19999999999999996
0 2 -0.12
2 3 -0.24
1 1 -0.12
0 3 -0.08999999999999997
2 3 -0.14
1 2 0.19999999999999996
1 3 0.18
2 1 -0.08000000000000002
1 0 -0.17
0 0 -0.1
0 1 0.19999999999999996
0 3 -0.10000000000000003
1 2 0.16000000000000014
2 1 -0.04999999999999999
0 1 0.16000000000000014
1 0 -0.13999999999999996
2 2 -0.09999999999999998
2 1 -0.030000000000000027
1 1 -0.14
1 0 -0.08000000000000007
0 3 -0.09000000000000002
2 2 -0.06
0 1 0.1299999999999999
0 3 -0.07999999999999996
0 3 -0.050000000000000044
0 2 -0.16999999999999998
0 2 -0.09999999999999998
2 2 -0.040000000000000036
0 0 -0.15999999999999998
2 1 -0.020000000000000018
0 2 -0.06000000000000005
1 3 0.14
2 0 0.16000000000000014
1 1 -0.09000000000000002
2 2 -0.04999999999999993
1 1 -0.04999999999999993
2 3 -0.12
2 2 -0.030000000000000027
1 3 0.09000000000000002
1 1 -0.030000000000000027
0 3 -0.029999999999999916
2 2 -0.020000000000000018
1 0 -0.04999999999999993
0 3 -0.020000000000000018
0 3 -0.010000000000000009
2 1 -0.039999999999999925
0 0 -0.09999999999999998
2 0 0.1299999999999999
1 0 -0.030000000000000027
2 1 -0.06000000000000005
1 3 0.04999999999999993
2 3 -0.09999999999999998
2 0 0.1100000000000001
2 3 -0.08000000000000007
2 1 -0.04999999999999993
0 2 -0.040000000000000036
2 3 -0.039999999999999925
0 0 -0.06000000000000005
2 0 0.07999999999999985
2 2 -0.07999999999999996
2 3 -0.040000000000000036
0 1 0.1100000000000001
0 2 -0.039999999999999925
2 3 -0.030000000000000027
1 1 -0.020000000000000018
1 1 -0.010000000000000009
1 2 0.1299999999999999
2 2 -0.040000000000000036
0 2 -0.030000000000000027
0 1 0.07999999999999985
0 3 -0.040000000000000036
0 1 0.07000000000000006
2 1 -0.050000000000000044
0 3 -0.040000000000000036
0 2 -0.040000000000000036
2 2 -0.030000000000000027
0 3 -0.019999999999999907
2 1 -0.030000000000000027
0 2 -0.029999999999999916
0 0 -0.07999999999999996
2 3 -0.020000000000000018
2 1 -0.020000000000000018
0 0 -0.050000000000000044
0 2 -0.020000000000000018
1 2 0.1100000000000001
0 3 -0.010000000000000009
2 3 -0.009999999999999898
0 0 -0.030000000000000027
1 1 -0.05999999999999994
2 0 0.07000000000000006
0 2 -0.010000000000000009
1 0 -0.05999999999999994
2 2 -0.029999999999999916
1 1 -0.030000000000000027
1 2 0.07999999999999985
2 2 -0.020000000000000018
2 3 -0.020000000000000018
0 3 -0.010000000000000009
2 1 -0.019999999999999907
1 2 0.07000000000000006
2 1 -0.010000000000000009
1 0 -0.07000000000000006
1 3 0.10999999999999999
0 2 0.0
0 1 0.050000000000000044
2 2 -0.010000000000000009
2 0 0.050000000000000044
1 0 -0.040000000000000036
2 1 -0.020000000000000018
1 1 -0.050000000000000044
0 2 -0.020000000000000018
0 1 0.040000000000000036
0 2 -0.020000000000000018
2 3 -0.020000000000000018
2 2 -0.020000000000000018
1 3 0.06000000000000005
0 3 -0.020000000000000018
0 3 -0.020000000000000018
2 0 0.040000000000000036
0 2 -0.010000000000000009
2 3 -0.020000000000000018
0 1 0.040000000000000036
0 1 0.029999999999999805
1 3 0.040000000000000036
1 3 0.019999999999999907
1 0 -0.019999999999999907
2 3 -0.010000000000000009
1 1 -0.029999999999999916
0 0 -0.04999999999999993
1 1 -0.020000000000000018
0 3 -0.020000000000000018
0 3 -0.010000000000000009
2 3 -0.010000000000000009
1 3 0.020000000000000018
0 1 0.020000000000000018
0 3 -0.019999999999999907
2 0 0.040000000000000036
1 0 -0.020000000000000018
2 0 0.029999999999999805
0 0 -0.040000000000000036
0 0 -0.020000000000000018
1 2 0.050000000000000044
0 3 -0.010000000000000009
1 0 -0.020000000000000018
1 0 -0.010000000000000009
0 3 0.0
2 0 0.020000000000000018
1 1 -0.020000000000000018
0 0 -0.019999999999999907
0 3 0.0
2 1 0.0
2 3 0.0
1 1 0.0
2 1 0.0
1 3 0.0
1 0 0.0
2 2 0.0
1 2 0.4
2 3 0.0
0 1 0.4
2 1 0.0
1 1 -0.08
1 0 -0.08
1 3 0.08
2 3 0.0
1 0 -0.05
2 3 0.0
2 2 0.0
0 3 -0.08
1 3 0.05
0 2 -0.08
0 0 -0.08
2 1 0.0
0 1 0.31999999999999995
1 0 -0.03
1 1 -0.05
1 1 -0.03
0 3 -0.11
0 1 0.26
2 2 0.0
1 3 0.03
0 3 -0.12
2 0 0.4
2 1 -0.08
2 0 0.31999999999999995
1 0 -0.01999999999999999
2 3 -0.14
1 2 0.31999999999999995
0 3 -0.07
0 3 -0.03999999999999998
2 2 -0.14
1 3 0.07999999999999999
1 3 0.04999999999999999
2 0 0.26
0 3 -0.030000000000000027
0 2 -0.15999999999999998
2 1 -0.15999999999999998
0 3 -0.019999999999999962
1 1 -0.07999999999999999
2 2 -0.14
2 3 -0.14
2 3 -0.07999999999999996
1 0 -0.07
1 3 0.030000000000000027
2 1 -0.10000000000000003
2 0 0.19999999999999996
0 2 -0.10000000000000003
1 0 -0.03999999999999998
0 0 -0.15999999999999998
1 2 0.26
2 3 -0.09000000000000002
0 1 0.19999999999999996
0 3 -0.050000000000000044
2 3 -0.06
1 2 0.19999999999999996
1 2 0.16000000000000014
1 2 0.1299999999999999
2 1 -0.09999999999999998
1 3 0.16999999999999998
0 0 -0.14
1 1 -0.2
1 0 -0.18
1 0 -0.10999999999999999
0 3 -0.030000000000000027
2 3 -0.030000000000000027
1 2 0.1100000000000001
2 2 -0.12
2 2 -0.07999999999999996
2 3 -0.020000000000000018
1 0 -0.08000000000000007
2 0 0.16000000000000014
1 2 0.07999999999999985
2 0 0.1299999999999999
2 0 0.1100000000000001
1 1 -0.15999999999999998
2 3 -0.08999999999999997
2 2 -0.12
0 1 0.16000000000000014
0 3 -0.04999999999999993
2 0 0.07999999999999985
0 0 -0.12
2 0 0.07000000000000006
0 0 -0.06999999999999995
0 0 -0.040000000000000036
0 2 -0.12999999999999995
1 0 -0.06999999999999995
0 1 0.1299999999999999
2 2 -0.09999999999999998
0 1 0.1100000000000001
1 0 -0.040000000000000036
2 0 0.050000000000000044
1 2 0.07000000000000006
1 1 -0.09999999999999998
1 1 -0.06000000000000005
2 0 0.040000000000000036
2 3 -0.09999999999999998
0 1 0.07999999999999985
2 0 0.040000000000000036
2 0 0.029999999999999805
0 1 0.07000000000000006
2 1 -0.2
1 2 0.050000000000000044
0 1 0.050000000000000044
0 2 -0.17000000000000004
0 0 -0.10999999999999999
2 2 -0.10000000000000009
0 3 -0.12
0 2 -0.09999999999999998
1 1 -0.050000000000000044
0 3 -0.07000000000000006
1 0 -0.04999999999999993
0 1 0.040000000000000036
2 2 -0.05999999999999994
0 2 -0.07000000000000006
1 3 0.16000000000000003
0 3 -0.04999999999999993
0 1 0.040000000000000036
0 2 -0.04999999999999993
0 1 0.029999999999999805
0 0 -0.09000000000000008
2 0 0.020000000000000018
1 1 -0.029999999999999916
2 3 -0.07999999999999996
0 1 0.020000000000000018
2 1 -0.13
1 3 0.09999999999999998
2 1 -0.07999999999999996
2 3 -0.050000000000000044
2 1 -0.040000000000000036
1 2 0.040000000000000036
1 0 -0.040000000000000036
1 2 0.040000000000000036
1 0 -0.030000000000000027
0 0 -0.05999999999999994
1 0 -0.020000000000000018
1 3 0.06999999999999995
2 3 -0.030000000000000027
0 2 -0.040000000000000036
2 3 -0.020000000000000018
2 0 0.020000000000000018
1 2 0.029999999999999805
1 0 -0.010000000000000009
2 3 -0.009999999999999898
1 2 0.020000000000000018
1 3 0.06000000000000005
1 2 0.020000000000000018
2 0 0.010000000000000009
1 3 0.030000000000000027
2 2 -0.040000000000000036
1 1 -0.050000000000000044
2 1 -0.030000000000000027
0 0 -0.040000000000000036
2 3 -0.010000000000000009
2 2 -0.030000000000000027
1 2 0.010000000000000009
1 1 -0.030000000000000027
1 3 0.020000000000000018
0 2 -0.020000000000000018
1 0 -0.019999999999999907
2 1 -0.019999999999999907
2 0 0.010000000000000009
0 0 -0.020000000000000018
1 0 -0.010000000000000009
1 3 0.019999999999999907
2 0 0.010000000000000009
1 2 0.010000000000000009
1 3 0.010000000000000009
2 0 0.010000000000000009
0 0 -0.009999999999999898
2 3 -0.010000000000000009
0 3 -0.050000000000000044
1 3 0.010000000000000009
0 2 -0.019999999999999907
0 2 -0.010000000000000009
0 1 0.020000000000000018
0 0 -0.010000000000000009
0 0 0.0
1 3 0.0
0 1 0.010000000000000009
0 2 -0.010000000000000009
0 3 -0.030000000000000027
2 1 -0.020000000000000018
0 1 0.010000000000000009
0 0 -0.010000000000000009
0 3 -0.019999999999999907
1 1 -0.019999999999999907
1 1 -0.020000000000000018
0 2 -0.010000000000000009
2 1 -0.010000000000000009
2 2 -0.019999999999999907
2 1 0.0
2 0 0.4
2 1 -0.08
0 3 0.0
0 3 0.0
1 2 0.4
2 3 -0.08
1 1 -0.08
1 1 -0.05
2 1 -0.05
0 0 0.0
2 3 -0.05
0 0 0.0
2 0 0.31999999999999995
0 1 0.4
2 0 0.26
2 0 0.19999999999999996
1 0 -0.08
2 1 -0.18
2 3 -0.18
1 3 0.08
1 2 0.31999999999999995
2 2 -0.24
2 1 -0.10999999999999999
1 3 0.11
2 3 -0.10999999999999999
1 2 0.26
0 0 -0.08
2 0 0.16000000000000014
2 2 -0.16999999999999998
1 3 0.12
0 2 -0.08
1 3 0.07
2 3 -0.10000000000000003
2 2 -0.10000000000000003
0 2 -0.05
2 3 -0.05999999999999994
0 3 -0.08
1 2 0.19999999999999996
1 3 0.08000000000000002
2 1 -0.10000000000000003
1 0 -0.2
2 0 0.1299999999999999
1 0 -0.12
0 2 -0.03
2 1 -0.08999999999999997
0 3 -0.05
1 0 -0.07999999999999996
2 3 -0.06000000000000005
2 0 0.1100000000000001
1 1 -0.18
1 1 -0.10999999999999999
2 0 0.07999999999999985
2 2 -0.13
0 0 -0.05
0 2 -0.01999999999999999
2 3 -0.07999999999999996
0 0 -0.03
2 2 -0.07999999999999996
2 3 -0.040000000000000036
0 3 -0.03
2 2 -0.040000000000000036
1 3 0.04999999999999999
2 0 0.07000000000000006
1 2 0.16000000000000014
0 0 -0.01999999999999999
2 1 -0.09999999999999998
2 1 -0.06000000000000005
1 2 0.1299999999999999
2 2 -0.040000000000000036
0 3 -0.01999999999999999
0 1 0.31999999999999995
2 2 -0.019999999999999907
2 1 -0.040000000000000036
0 0 -0.07
0 3 -0.07
1 0 -0.09999999999999998
2 2 -0.020000000000000018
0 0 -0.03999999999999998
0 3 -0.03999999999999998
0 3 -0.030000000000000027
1 2 0.1100000000000001
2 1 -0.019999999999999907
1 3 0.10999999999999999
2 2 -0.010000000000000009
2 1 -0.010000000000000009
0 3 -0.020000000000000018
0 1 0.26
2 1 -0.010000000000000009
2 1 0.0
0 3 -0.06
2 2 0.0
0 3 -0.03999999999999998
1 0 -0.08000000000000007
0 2 -0.12
1 0 -0.04999999999999993
1 3 0.06999999999999995
1 3 0.040000000000000036
0 3 -0.020000000000000018
2 1 0.0
0 3 -0.009999999999999953
2 2 0.0
1 0 -0.030000000000000027
0 3 -0.010000000000000009
2 1 0.0
0 2 -0.08000000000000002
1 3 0.020000000000000018
0 2 -0.03999999999999998
2 2 0.0
2 0 0.050000000000000044
2 3 -0.050000000000000044
1 2 0.07999999999999985
1 1 -0.15999999999999998
2 3 -0.029999999999999916
0 2 -0.030000000000000027
1 2 0.07000000000000006
1 0 -0.050000000000000044
1 3 0.040000000000000036
2 1 -0.020000000000000018
2 1 -0.010000000000000009
2 1 0.0
2 1 0.0
0 0 -0.08000000000000002
0 0 -0.04999999999999999
0 1 0.19999999999999996
2 2 -0.020000000000000018
0 3 -0.040000000000000036
1 3 0.029999999999999916
0 1 0.16000000000000014
2 2 -0.010000000000000009
1 1 -0.10999999999999999
2 0 0.040000000000000036
0 3 -0.05999999999999994
0 0 -0.10000000000000003
2 1 -0.010000000000000009
1 3 0.020000000000000018
2 0 0.040000000000000036
0 2 -0.09000000000000002
0 0 -0.05999999999999994
2 2 -0.020000000000000018
0 0 -0.040000000000000036
0 3 -0.040000000000000036
2 1 -0.020000000000000018
2 0 0.029999999999999805
1 2 0.050000000000000044
1 2 0.040000000000000036
0 2 -0.04999999999999993
2 3 -0.040000000000000036
0 3 -0.020000000000000018
0 0 -0.020000000000000018
1 3 0.030000000000000027
0 3 -0.010000000000000009
2 1 -0.010000000000000009
2 2 -0.020000000000000018
1 1 -0.09000000000000008
2 3 -0.020000000000000018
0 2 -0.030000000000000027
2 2 -0.010000000000000009
1 1 -0.04999999999999993
1 0 -0.04999999999999993
1 2 0.040000000000000036
1 3 0.020000000000000018
2 1 -0.010000000000000009
0 1 0.1299999999999999
0 3 -0.039999999999999925
1 3 0.020000000000000018
2 1 0.0
1 1 -0.040000000000000036
2 2 0.0
0 3 -0.020000000000000018
2 1 0.0
1 2 0.029999999999999805
2 2 0.0
2 0 0.020000000000000018
2 1 -0.009999999999999898
2 1 -0.010000000000000009
0 1 0.1100000000000001
1 0 -0.040000000000000036
2 3 -0.020000000000000018
1 1 -0.030000000000000027
0 0 -0.05999999999999994
2 1 0.0
2 3 -0.019999999999999907
1 1 -0.020000000000000018
1 1 -0.010000000000000009
0 3 -0.030000000000000027
2 1 0.0
1 1 0.0
2 0 0.020000000000000018
2 2 -0.009999999999999898
1 1 0.0
0 1 0.07999999999999985
2 0 0.010000000000000009
1 3 0.010000000000000009
0 2 -0.07999999999999996
1 0 -0.020000000000000018
2 1 -0.010000000000000009
2 3 -0.010000000000000009
0 2 -0.050000000000000044
0 3 -0.040000000000000036
2 0 0.4
1 0 0.0
2 3 -0.08
0 2 0.0
1 3 0.0
2 0 0.31999999999999995
0 0 0.0
0 1 0.4
0 3 -0.08
2 2 -0.14
0 3 -0.05
2 1 -0.14
2 1 -0.09
1 3 0.0
0 2 -0.08
1 1 0.0
1 2 0.4
1 2 0.31999999999999995
1 1 -0.14
2 3 -0.11
1 1 -0.09
0 0 -0.08
1 0 -0.14
1 0 -0.09
0 0 -0.05
0 3 -0.03
1 3 0.14
1 0 -0.05000000000000002
2 1 -0.05000000000000002
2 3 -0.07
1 3 0.09
1 0 -0.02999999999999997
1 0 -0.020000000000000018
2 2 -0.09
1 2 0.26
2 2 -0.05000000000000002
0 1 0.31999999999999995
1 3 0.1
2 0 0.26
0 0 -0.09
0 3 -0.07999999999999999
1 3 0.06
1 1 -0.1
0 0 -0.060000000000000026
2 0 0.19999999999999996
2 2 -0.12
0 2 -0.11
0 3 -0.04999999999999999
1 2 0.19999999999999996
0 2 -0.07
2 3 -0.13
2 2 -0.07999999999999996
2 1 -0.12
2 1 -0.07999999999999996
2 0 0.16000000000000014
0 0 -0.02999999999999997
0 0 -0.020000000000000018
1 1 -0.09999999999999998
0 1 0.26
2 3 -0.10999999999999999
2 3 -0.06999999999999995
1 1 -0.06
2 3 -0.040000000000000036
0 1 0.19999999999999996
2 3 -0.020000000000000018
0 0 -0.09999999999999998
0 2 -0.13
2 0 0.1299999999999999
1 3 0.07999999999999996
0 0 -0.06
2 2 -0.09999999999999998
0 0 -0.040000000000000036
1 3 0.050000000000000044
2 2 -0.06000000000000005
1 0 -0.09999999999999998
1 3 0.030000000000000027
2 0 0.1100000000000001
0 3 -0.12
2 3 -0.05999999999999994
2 2 -0.05999999999999994
2 2 -0.040000000000000036
1 0 -0.06
0 2 -0.07999999999999996
2 1 -0.12
2 2 -0.020000000000000018
1 3 0.019999999999999907
2 3 -0.040000000000000036
2 2 -0.010000000000000009
2 1 -0.08000000000000007
1 3 0.010000000000000009
2 2 -0.010000000000000009
2 0 0.07999999999999985
1 3 0.0
2 1 -0.05999999999999994
1 3 0.0
2 1 -0.040000000000000036
0 0 -0.020000000000000018
1 0 -0.040000000000000036
1 0 -0.020000000000000018
1 0 -0.019999999999999907
2 3 -0.040000000000000036
2 1 -0.020000000000000018
2 2 -0.020000000000000018
0 0 -0.019999999999999907
0 0 -0.010000000000000009
0 2 -0.050000000000000044
1 3 0.0
2 3 -0.020000000000000018
1 0 -0.010000000000000009
2 1 -0.010000000000000009
0 0 0.0
2 3 -0.020000000000000018
2 0 0.07000000000000006
1 0 0.0
2 1 -0.019999999999999907
0 1 0.16000000000000014
2 3 -0.019999999999999907
1 3 0.0
2 1 -0.010000000000000009
0 2 -0.05999999999999994
0 0 -0.040000000000000036
0 1 0.1299999999999999
0 0 -0.050000000000000044
2 2 -0.019999999999999907
0 2 -0.06000000000000005
0 1 0.1100000000000001
1 3 0.0
2 0 0.050000000000000044
0 0 -0.04999999999999993
2 3 -0.020000000000000018
1 3 0.0
1 1 -0.040000000000000036
2 3 -0.020000000000000018
0 1 0.07999999999999985
0 2 -0.07999999999999996
0 3 -0.16999999999999998
0 2 -0.040000000000000036
2 1 -0.020000000000000018
1 0 0.0
1 2 0.16000000000000014
1 2 0.1299999999999999
2 2 -0.030000000000000027
2 2 -0.020000000000000018
2 0 0.040000000000000036
2 2 -0.020000000000000018
1 3 0.06000000000000005
1 1 -0.07999999999999996
2 3 -0.020000000000000018
2 3 -0.010000000000000009
2 0 0.040000000000000036
1 3 0.040000000000000036
2 1 -0.030000000000000027
2 3 -0.010000000000000009
0 2 -0.030000000000000027
1 0 -0.06000000000000005
0 0 -0.040000000000000036
2 1 -0.020000000000000018
1 1 -0.050000000000000044
1 3 0.019999999999999907
1 3 0.020000000000000018
1 3 0.010000000000000009
1 1 -0.029999999999999916
1 2 0.1100000000000001
2 2 -0.020000000000000018
0 0 -0.030000000000000027
2 1 -0.010000000000000009
1 2 0.07999999999999985
1 0 -0.07999999999999996
2 2 -0.010000000000000009
0 2 -0.020000000000000018
0 1 0.07000000000000006
1 2 0.07000000000000006
1 2 0.050000000000000044
1 0 -0.07000000000000006
0 3 -0.10999999999999999
0 0 -0.029999999999999916
1 0 -0.039999999999999925
1 3 0.06000000000000005
1 1 -0.08000000000000007
1 0 -0.020000000000000018
2 3 -0.010000000000000009
1 2 0.040000000000000036
0 0 -0.020000000000000018
0 3 -0.07000000000000006
2 3 0.0
2 3 0.0
1 3 0.04999999999999993
2 0 0.029999999999999805
0 3 -0.040000000000000036
1 3 0.030000000000000027
1 0 -0.020000000000000018
2 3 -0.010000000000000009
1 2 0.040000000000000036
2 3 0.0
1 2 0.029999999999999805
1 2 0.020000000000000018
0 1 0.050000000000000044
2 1 -0.010000000000000009
0 3 -0.039999999999999925
1 1 -0.07999999999999996
0 3 0.0
0 0 0.0
0 1 0.4
1 3 0.0
1 0 0.0
2 0 0.4
0 2 -0.08
1 2 0.4
2 3 -0.08
0 0 -0.08
1 3 0.08
1 1 -0.08
2 2 -0.08
2 0 0.31999999999999995
0 1 0.31999999999999995
2 0 0.26
0 1 0.26
0 0 -0.15999999999999998
0 2 -0.15999999999999998
2 0 0.19999999999999996
0 3 -0.2
2 3 -0.2
1 1 -0.05
0 1 0.19999999999999996
0 2 -0.14
1 3 0.05
1 3 0.03
1 0 -0.08
0 2 -0.08000000000000002
1 1 -0.03
1 1 -0.01999999999999999
0 0 -0.14
1 1 -0.010000000000000009
0 0 -0.08000000000000002
0 0 -0.04999999999999999
2 3 -0.12
0 0 -0.030000000000000027
0 2 -0.04999999999999999
0 3 -0.15999999999999998
0 3 -0.09000000000000002
2 0 0.16000000000000014
0 1 0.16000000000000014
2 1 -0.27
2 2 -0.24
2 1 -0.15999999999999998
0 2 -0.05999999999999994
0 3 -0.09000000000000002
0 1 0.1299999999999999
1 2 0.31999999999999995
2 0 0.1299999999999999
2 1 -0.12000000000000005
2 1 -0.07999999999999996
0 1 0.1100000000000001
0 0 -0.09999999999999998
2 0 0.1100000000000001
1 2 0.26
2 2 -0.19
1 2 0.19999999999999996
1 0 -0.2
2 3 -0.16000000000000003
0 0 -0.05999999999999994
1 3 0.17
0 1 0.07999999999999985
2 2 -0.10999999999999999
0 1 0.07000000000000006
1 0 -0.12
1 3 0.09999999999999998
2 1 -0.05999999999999994
0 2 -0.12
2 1 -0.040000000000000036
1 2 0.16000000000000014
2 0 0.07999999999999985
2 2 -0.07999999999999996
0 1 0.050000000000000044
1 3 0.10000000000000003
1 3 0.05999999999999994
1 0 -0.10999999999999999
0 0 -0.08000000000000007
2 1 -0.040000000000000036
0 1 0.040000000000000036
2 2 -0.050000000000000044
1 1 -0.19
2 2 -0.030000000000000027
1 0 -0.05999999999999994
1 1 -0.12
1 3 0.030000000000000027
0 0 -0.04999999999999993
0 3 -0.1499999999999999
2 3 -0.10999999999999999
0 2 -0.09000000000000008
0 3 -0.09000000000000008
2 0 0.07000000000000006
2 0 0.050000000000000044
1 2 0.1299999999999999
0 1 0.040000000000000036
1 1 -0.09999999999999998
0 1 0.029999999999999805
2 3 -0.08999999999999997
2 0 0.040000000000000036
0 3 -0.05999999999999994
1 1 -0.06000000000000005
2 0 0.040000000000000036
0 2 -0.05999999999999994
2 1 -0.05999999999999994
0 3 -0.040000000000000036
0 0 -0.040000000000000036
0 0 -0.030000000000000027
0 1 0.020000000000000018
1 1 -0.029999999999999916
0 2 -0.050000000000000044
1 1 -0.020000000000000018
1 3 0.050000000000000044
2 3 -0.06999999999999995
1 3 0.029999999999999916
1 1 -0.010000000000000009
0 1 0.020000000000000018
1 3 0.020000000000000018
2 1 -0.040000000000000036
1 2 0.1100000000000001
1 0 -0.09000000000000008
2 0 0.029999999999999805
0 0 -0.020000000000000018
2 1 -0.030000000000000027
1 2 0.07999999999999985
2 3 -0.040000000000000036
1 1 -0.040000000000000036
2 0 0.020000000000000018
1 0 -0.06999999999999995
0 2 -0.030000000000000027
0 0 -0.019999999999999907
2 2 -0.06999999999999995
1 2 0.07000000000000006
1 2 0.050000000000000044
2 2 -0.040000000000000036
2 0 0.020000000000000018
0 0 -0.010000000000000009
2 0 0.010000000000000009
1 1 -0.050000000000000044
2 3 -0.040000000000000036
2 2 -0.030000000000000027
1 0 -0.06000000000000005
2 0 0.010000000000000009
1 0 -0.039999999999999925
1 0 -0.020000000000000018
1 3 0.07000000000000006
0 1 0.010000000000000009
1 1 -0.029999999999999916
0 3 -0.040000000000000036
2 1 -0.030000000000000027
0 2 -0.019999999999999907
0 0 -0.010000000000000009
0 3 -0.019999999999999907
0 3 -0.010000000000000009
0 1 0.010000000000000009
2 3 -0.029999999999999916
0 1 0.010000000000000009
1 3 0.039999999999999925
0 2 -0.020000000000000018
1 0 -0.020000000000000018
2 2 -0.019999999999999907
0 2 -0.010000000000000009
0 2 0.0
0 1 0.010000000000000009
2 2 -0.020000000000000018
0 2 0.0
1 1 -0.020000000000000018
2 3 -0.020000000000000018
0 0 -0.010000000000000009
0 3 -0.010000000000000009
1 1 -0.010000000000000009
2 3 -0.010000000000000009
2 2 -0.010000000000000009
0 1 0.0
1 1 -0.010000000000000009
1 3 0.020000000000000018
2 0 0.010000000000000009
1 2 0.040000000000000036
2 1 -0.019999999999999907
0 3 -0.010000000000000009
0 0 0.0
1 3 0.020000000000000018
2 1 -0.010000000000000009
1 0 -0.020000000000000018
2 1 -0.010000000000000009
2 3 0.0
2 3 0.0
1 2 0.040000000000000036
0 0 0.0
2 2 0.0
0 3 0.0
2 2 0.0
2 0 0.010000000000000009
1 2 0.029999999999999805
1 1 -0.020000000000000018
0 1 0.0
0 1 0.0
2 3 0.0
2 2 0.0
0 3 0.0
2 2 0.0
