1 1 -1.2000000000000002
0 0 -1.2000000000000002
2 2 -1.2000000000000002
0 0 -1.9200000000000004
0 3 -1.2000000000000002
1 0 -1.2000000000000002
0 3 -1.9200000000000004
1 0 -1.9200000000000004
0 2 -1.2000000000000002
0 2 -1.9200000000000004
0 1 1.2000000000000002
0 1 2.3520000000000003
0 2 -1.50528
0 0 -1.50528
2 0 1.2000000000000002
1 1 -1.9200000000000004
2 1 -0.7679999999999999
2 2 -1.488
1 2 1.2000000000000002
1 1 -1.92
2 3 -0.7679999999999999
2 2 -1.6607999999999998
0 2 -1.2564479999999998
0 2 -1.1071487999999996
2 2 -1.7644799999999998
2 0 2.3520000000000003
2 0 3.4579200000000005
2 2 -1.0138367999999995
1 1 -1.92
1 2 2.3520000000000003
2 1 -0.4159487999999997
2 1 -0.20471807999999952
1 1 -1.5052799999999997
0 0 -1.2564479999999998
1 1 -1.2564479999999996
0 0 -1.1071487999999996
1 1 -1.1071487999999996
1 1 -1.0175692799999996
2 0 4.519603200000001
0 0 -1.0175692799999996
1 3 0.8467200000000003
1 2 3.4579200000000005
0 1 3.4579200000000005
1 0 -1.1071487999999998
2 0 5.538819072000001
2 3 0.3331748659200004
0 3 -1.1071487999999998
0 2 -0.6194380799999994
0 1 4.519603200000001
2 1 0.6711440179200006
0 2 0.05539430400000078
1 3 1.7528832000000003
0 0 -0.18348441599999926
0 1 5.538819072000001
2 0 6.517266309120001
2 0 7.456575656755201
1 3 2.2965811200000004
2 3 1.6842721559838727
1 1 -0.5656903679999994
0 1 6.517266309120001
1 0 -0.6194380799999996
0 3 0.4819265912832006
2 0 8.358312630484992
1 3 2.6227998720000008
2 1 2.2116789577265976
1 3 2.8185311232000005
2 0 9.223980125265593
1 3 2.9359698739200004
1 2 4.519603200000001
0 1 7.456575656755201
1 3 3.3886390763520007
2 0 10.055020920254968
0 1 8.358312630484992
0 1 9.223980125265593
2 2 1.8115054512917892
1 1 0.08764293120000083
2 3 3.4303708248821123
2 0 10.852820083444769
2 2 3.7939185008151903
0 3 2.409788799865534
2 3 4.765237724969384
0 2 2.153869427495614
2 3 5.566157865021747
0 1 10.055020920254968
2 3 6.046709949053165
2 1 4.034022604676076
2 3 6.335041199472016
1 1 0.4796429107200009
1 1 0.714842898432001
0 1 10.852820083444769
2 2 4.983366330529231
0 1 11.618707280106978
2 1 5.1274287928457625
0 2 4.275056277335881
2 1 5.783472505747574
2 2 5.697035028357655
2 2 6.12523624705471
1 2 5.538819072000001
0 0 2.872643971238513
0 2 5.5477683872400405
2 1 6.177098733488661
0 2 6.311395653182537
0 3 4.428607900757832
0 1 12.353958988902699
2 0 11.618707280106978
1 0 0.4223120179200006
2 1 6.688993860931708
0 1 13.05980062934659
0 0 5.22511460930788
0 2 7.288365618474295
2 3 6.783759340521722
2 1 6.996130937397536
0 3 6.158692967019472
2 1 7.180413183277034
0 2 7.874547597649349
0 3 7.196744006776456
0 0 6.636596992149501
2 3 7.052990225151545
0 2 8.226256785154382
1 2 6.517266309120001
2 2 6.657876369071339
0 1 13.737408604172726
1 2 7.456575656755201
0 3 8.063513501568055
1 0 1.7377544471838728
1 1 1.9132729754910731
0 3 8.583575198443015
0 1 14.387912260005816
0 2 8.915402484694724
2 3 7.2145287559294395
1 0 2.527019904742196
2 2 6.977460442281315
1 1 2.6323310217265163
2 1 7.290982530804733
2 1 7.357324139321353
1 2 8.358312630484992
0 0 7.9616066088917945
0 0 8.75661237893717
2 3 7.311451874396177
0 2 9.32888990441893
2 1 7.397129104431324
1 2 9.223980125265593
2 1 7.421012083497306
1 1 3.700031458131523
1 0 3.636844787940931
2 1 7.435341870936895
2 1 7.44393974340065
2 0 12.353958988902699
0 0 9.233615840964397
2 2 7.433901501373761
0 0 9.519817918180731
2 0 13.05980062934659
1 2 10.055020920254968
2 1 7.967892072605163
0 0 9.691539164510534
1 2 10.852820083444769
1 2 11.618707280106978
0 1 15.012395769605584
2 1 8.28226347012787
2 2 7.961869127389029
1 2 12.353958988902699
0 2 9.801796419709369
0 0 10.019385975764331
2 0 13.737408604172726
0 3 9.35460759612382
0 3 9.817227034732303
1 2 13.05980062934659
1 2 13.737408604172726
2 0 14.387912260005816
2 2 8.75676989003551
0 3 10.094798697897392
0 3 10.261341695796446
0 1 15.611899938821361
1 3 6.978650543313382
2 1 8.949006495678816
2 3 8.3665195382398
1 3 9.13265742349021
0 1 16.187423941268506
0 0 10.639104204315261
2 1 9.349052311009384
1 3 10.425061551596308
2 2 9.2337103476234
1 2 14.387912260005816
2 0 15.012395769605584
0 0 11.01093514144582
2 1 9.81389386366364
1 2 15.012395769605584
0 1 16.739926983617764
0 2 10.707451565928016
2 1 10.092798795256195
2 2 9.744688685632052
1 2 15.611899938821361
0 0 11.432934798969887
0 2 11.250844653659204
2 2 10.051275688437244
2 3 9.22437420000189
1 2 16.187423941268506
1 0 6.809579491621221
1 0 8.713220313829396
2 1 10.260141754211729
1 2 16.739926983617764
2 1 10.360547529585048
1 1 7.046392588981309
0 3 10.983178731580264
0 0 11.686134593484327
2 1 10.420790994809039
0 3 11.416280953050553
0 3 11.676142285932727
2 2 10.235227890120356
1 3 12.28141064506018
2 3 9.739086997059145
1 2 17.270329904273055
1 3 13.586165152574408
0 3 11.832059085662031
0 1 17.270329904273055
2 3 10.047914675293498
1 3 14.369017857082945
0 1 17.779516708102136
0 2 11.951132807112291
1 3 14.838729479788066
2 3 10.233211282234109
1 2 17.779516708102136
0 3 12.299861466313988
2 2 10.345599211130224
0 2 12.371305699184143
2 3 10.344389246398476
1 1 9.428461568305554
1 1 10.857702955900102
0 0 12.212306771007366
1 0 10.428558203214406
2 3 10.411096024897097
0 2 12.623409434427256
0 1 18.26833603977805
2 0 15.611899938821361
1 1 11.71524778845683
2 0 16.187423941268506
1 2 18.26833603977805
2 2 10.834832145534797
2 0 16.739926983617764
0 2 12.95064663497645
2 2 11.327273001423272
0 2 13.146988955305968
0 0 12.703985036924518
1 2 18.73760259818693
1 0 11.80267185727594
1 3 15.648774623220135
2 1 11.07884831098782
2 0 17.270329904273055
2 1 11.664627752130992
2 3 11.263976380476556
1 0 12.627140049712859
2 2 11.813682566392263
1 3 16.134801709279376
2 2 12.105528305373657
1 3 16.42641796091492
2 1 12.016095416816896
1 3 16.601387711896248
0 0 12.998991996474809
1 0 13.12182096517501
2 0 17.779516708102136
2 1 12.410283265006907
1 3 16.706369562485044
0 3 12.756517854108491
1 1 12.574685608421394
1 0 13.4186295144523
2 3 11.959011843202703
0 0 13.175996172204982
0 2 13.264794347503678
0 0 13.282198677643088
1 3 16.769358672838322
0 3 13.030511686785193
1 1 13.09034830040013
0 3 13.194907986391215
0 2 13.335477582822303
2 3 12.37603312083839
2 3 12.626245887419802
1 3 16.807152139050288
0 1 18.73760259818693
2 1 12.646795973920913
0 0 13.514856141933148
2 2 12.463942998140961
1 1 13.399745915587372
1 1 13.585384484699718
0 2 13.546823485040676
0 1 19.18809849425945
1 1 13.696767626167125
2 1 12.788703599269315
0 0 13.81662914309329
0 2 13.835809548957808
0 0 13.997692943789378
1 2 19.18809849425945
2 0 18.26833603977805
0 1 19.62057455448907
2 1 13.049823133881688
1 3 16.992006741363575
2 2 12.854966773204675
0 1 20.035751572309508
1 1 13.925776033633678
0 2 14.314356295406107
2 3 12.95234850677198
2 0 18.73760259818693
2 0 19.18809849425945
0 3 13.92981535786615
0 3 14.370759780751111
1 3 17.102919502751547
0 2 14.601484343275086
1 3 17.16946715958433
0 1 20.434321509417124
1 3 17.209395753684
2 3 13.47912456199659
0 1 20.81694864904044
0 2 15.054992119619609
0 1 21.184270703078823
0 1 21.536899874955672
1 3 17.2333529101438
1 1 14.063181078113608
2 3 13.795190195131358
2 1 13.537609338262415
2 1 13.83028106089085
2 0 19.62057455448907
1 2 19.62057455448907
2 3 14.140520956694882
2 2 13.576386903538872
1 3 17.403418585702347
2 0 20.035751572309508
1 2 20.035751572309508
1 0 14.064048274702802
0 1 21.875423879957445
1 3 17.65492171745283
1 2 20.434321509417124
2 0 20.434321509417124
2 0 20.81694864904044
1 0 14.594784708211845
1 3 17.949308773861862
1 1 14.59426439025833
1 1 14.912914377545162
0 2 15.708147868556447
1 3 18.125941007707283
0 0 15.073768363058308
1 0 14.913226568317272
0 1 22.20040692475915
2 0 21.184270703078823
1 2 20.81694864904044
2 1 14.724506089642889
2 2 14.572169595231701
1 3 18.36966611827893
0 3 15.414602361363961
2 3 14.910650027125307
0 1 22.512390647768783
0 3 16.153222050015138
2 2 15.169639210247398
1 0 15.242037454644922
2 1 15.26104110689411
2 3 15.37272746938356
1 1 15.241850140181658
1 3 18.515901184621917
2 1 15.582962117244843
0 3 16.596393863205844
0 3 16.862296951120268
2 3 15.649973934738513
2 1 15.776114723455283
1 1 15.439211597763553
0 2 16.32934935433063
1 2 21.184270703078823
2 1 15.892006287181546
2 0 21.536899874955672
0 0 15.948721651031747
1 0 15.57155992589533
2 0 21.875423879957445
1 3 18.735878163881527
0 2 16.70207024579514
1 1 15.689864411766509
2 1 16.21035636909361
1 3 18.86786435143729
2 2 15.776936122933119
1 1 15.840256100168283
0 0 16.47369362381581
1 1 15.930491113209348
1 1 15.984632121033986
1 3 18.94705606397075
2 2 16.14131427054455
0 0 16.788676807486247
0 0 16.97766671768851
0 0 17.091060663809866
2 1 16.401366418240848
0 2 16.925702780673845
1 3 18.994571091490826
1 1 16.01711672572877
2 1 16.51597244772919
2 3 16.06513695762779
0 3 17.02183880386892
2 1 16.584736065422195
1 1 16.03660748854564
2 0 22.20040692475915
1 2 21.536899874955672
2 2 16.476935055240023
2 3 16.431228667489968
0 0 17.15909703148268
2 0 22.512390647768783
2 2 16.790621666340776
0 1 22.811895021858028
2 1 16.85530227245008
1 3 19.150026609878537
2 1 17.017641996666807
2 0 22.811895021858028
2 2 17.086655207673356
1 0 15.896219910521241
2 1 17.222867405868975
2 1 17.346002651390275
2 0 23.099419220983705
0 3 17.22538549019024
2 1 17.523392510388298
0 0 17.3077404267585
0 3 17.347513501983034
2 0 23.375442452144355
1 1 16.175248448111425
1 0 16.091015901296785
2 1 17.729194789004946
0 2 17.167703876273197
1 0 16.207893495762114
0 0 17.39692646392399
0 2 17.312904533632807
2 3 17.073896483265948
0 2 17.400024928048573
0 3 17.42079030905871
0 3 17.464756393304114
2 0 23.640424754058582
1 0 16.278020052441313
2 0 23.89480776389624
1 1 16.2584330238509
1 0 16.32009598644883
1 2 21.875423879957445
1 0 16.46721018865398
1 0 16.555478709977066
2 2 17.65412391960666
1 0 16.60843982277092
1 3 19.3651685627118
0 2 17.452297164698034
1 3 19.49425373441176
2 0 24.13901545334039
1 1 16.43021241109522
1 3 19.57170483743174
2 0 24.373454835206775
2 0 24.598516641798504
1 3 19.618175499243723
2 0 24.814575976126562
1 1 16.533280043441813
1 3 19.646057896330916
0 3 17.49113604385136
2 2 18.32572170316956
0 2 17.48366050668771
2 1 18.370764224808532
1 2 22.20040692475915
0 3 17.506963834179704
2 2 18.7286803733073
1 0 16.757210386575846
0 2 17.502478511881517
1 3 19.779781230711844
0 3 17.516460508376714
2 1 18.755705886290684
2 1 18.986670883179976
2 1 19.12524988131355
0 3 17.52215851289492
2 0 25.0219929370815
0 1 23.099419220983705
1 2 22.512390647768783
1 0 16.95878686514227
1 3 19.972329371623868
2 2 19.04512568133372
0 1 23.375442452144355
0 0 17.65331516112636
2 3 18.052255347308908
2 2 19.23499286614957
0 2 17.716646389900877
0 1 23.640424754058582
2 3 18.639270665734685
1 0 17.079732752282123
1 2 22.811895021858028
1 0 17.260121859238165
0 2 17.940540745401616
0 0 17.902542008136905
1 3 20.19567983084321
1 1 16.932250233933978
2 3 18.99147985679015
2 2 19.348913177039083
1 2 23.099419220983705
1 2 23.375442452144355
2 0 25.221113219598237
0 1 23.89480776389624
0 0 18.14365599988479
1 2 23.640424754058582
1 1 17.469903051821476
0 0 18.28832439493352
2 3 19.274488673129454
2 0 25.412268690814308
2 3 19.513109932570824
0 0 18.37512543196276
2 0 25.595777943181737
0 2 18.166455242243618
0 3 17.9154259027396
1 1 17.792494742553977
1 2 23.89480776389624
0 3 18.151386336646407
1 2 24.13901545334039
0 1 24.13901545334039
0 1 24.373454835206775
2 0 25.771946825454467
1 2 24.373454835206775
2 2 19.68724876338706
0 0 18.599518999852094
1 1 18.249940586206826
2 2 19.890250115195848
1 1 18.524408092398534
0 3 18.465275542662283
2 2 20.01205092628112
1 0 17.930516856217338
0 2 18.47431688602061
0 2 18.659033872286805
1 1 18.68908859611356
1 1 18.787896898342574
2 1 19.55305078595174
2 0 25.94106895243629
2 1 19.870615294448108
0 0 18.734155140585695
2 3 19.84665078241956
2 0 26.103426194338837
1 0 18.332753854404842
2 1 20.119602606630846
2 3 20.105223899413716
2 0 26.259289146565283
1 2 24.598516641798504
2 1 20.32510565674201
0 3 18.65360906627181
0 3 18.766609180437527
2 2 20.260574648532177
2 2 20.409688881882808
2 3 20.316478432411735
0 2 18.769864064046523
1 2 24.814575976126562
0 0 18.814936825025857
2 3 20.443231152210544
0 0 18.863405835689953
2 0 26.408917580702674
2 1 20.50227372309817
1 3 21.050655249911486
0 2 18.836362179102352
1 2 25.0219929370815
1 0 18.807569769992245
2 2 20.553023658182646
0 2 18.876261048135852
1 2 25.221113219598237
2 2 20.639024523962547
0 2 18.90020036955595
2 1 20.608574562911862
0 3 18.834409248936957
1 2 25.412268690814308
2 0 26.552560877474566
0 2 18.91456396240801
0 3 18.875089290036613
2 0 26.690458442375583
0 0 18.89248724208841
0 0 18.909936085927484
0 2 18.923182118119243
0 0 18.92040539223093
1 3 21.778809878640043
1 3 22.215702655877177
0 3 18.899497314696404
2 1 20.773709777002328
2 0 26.82284010468056
0 3 18.914142129492284
2 2 20.83963715206253
2 0 26.949926500493337
0 1 24.598516641798504
0 1 24.814575976126562
1 0 19.232958590688497
0 2 19.087156622277107
0 0 19.085490586744122
1 3 22.477838322219455
0 1 25.0219929370815
0 2 19.260211430715604
1 3 22.635119722024825
0 1 25.221113219598237
2 2 21.00575583141512
1 0 19.48819188310625
1 2 25.595777943181737
2 1 20.966199406378998
2 3 20.767912231503928
0 0 19.33089511110184
0 0 19.47813782571647
1 3 22.795551892760322
2 2 21.105427039026672
0 3 19.228086036750735
1 2 25.771946825454467
1 3 22.9552319928198
0 3 19.416452381105806
0 0 19.566483454485248
1 1 19.350638996169153
0 2 19.43572761748473
0 3 19.52947218771885
0 0 19.619490831746514
0 2 19.541037329546203
0 2 19.604223156783085
2 2 21.165229763593604
0 1 25.412268690814308
2 2 21.201111398333765
1 1 19.688284254865103
2 3 20.96272087907996
1 0 19.77081598702736
1 2 25.94106895243629
2 1 21.081693184004997
0 0 19.72011122774106
0 3 19.66610004132446
2 3 21.079606067625576
0 3 19.748076753487826
0 3 19.797262780785847
1 2 26.103426194338837
0 0 19.780483465337788
2 3 21.149737180752947
1 3 23.17037262565386
0 1 25.595777943181737
1 3 23.2994570053543
2 3 21.191815848629368
1 0 20.059723022178396
1 2 26.259289146565283
1 2 26.408917580702674
1 2 26.552560877474566
1 1 20.171892468809908
2 3 21.21706304935522
1 1 20.46205739717679
1 2 26.690458442375583
1 0 20.444398852562248
0 0 19.8827701387481
0 0 19.944142142794284
2 3 21.232211369790733
0 0 19.980965345221996
0 3 19.892837728016932
0 3 19.950182696355583
2 1 21.1509894505806
0 1 25.771946825454467
2 3 21.24130036205204
1 1 20.685799477561282
0 2 19.84043475123346
1 2 26.82284010468056
1 3 23.63589664089758
1 2 26.949926500493337
1 0 20.76861285171495
2 1 21.19256721052596
1 0 20.963141251206572
0 2 19.982161707903686
2 0 27.071929440473603
0 3 20.04801047497696
2 1 21.261434924886075
1 0 21.079858290901544
0 0 20.066480064296805
0 1 25.94106895243629
1 0 21.149888514718526
1 1 20.91345322671437
1 1 21.050045476206222
1 3 23.883511524716152
1 3 24.032080455007293
0 3 20.167591107863238
1 3 24.121221813181975
1 1 21.132000825901336
1 2 27.071929440473603
1 2 27.18905226285466
0 0 20.178672861455148
0 1 26.103426194338837
1 0 21.277991923458792
0 1 26.259289146565283
1 1 21.267259310168477
2 1 21.30275555350214
1 2 27.301490172340472
0 1 26.408917580702674
0 3 20.407764993770904
2 3 21.290674815801722
1 0 21.395331616117844
0 2 20.29650735379517
1 3 24.301269549951755
0 3 20.551869325315504
2 3 21.320299488051532
0 2 20.485114741330065
1 0 21.465735431713277
0 3 20.638331924242266
2 2 21.266561437570758
1 2 27.409430565446854
0 3 20.690209483598323
1 3 24.44815673353192
0 3 20.721336019211954
1 1 21.427750589661954
0 3 20.740011940580132
1 2 27.51305334282898
2 1 21.32754793067178
1 0 21.5841404624464
1 1 21.561349557215607
1 0 21.655183480886272
0 1 26.552560877474566
2 3 21.338074291401416
1 1 21.641508937747798
1 2 27.612531209115822
2 3 21.348739173411346
1 3 24.60940527540085
0 0 20.466125632763934
1 3 24.706154400522205
0 2 20.649990760688883
0 1 26.690458442375583
0 0 20.68824041891357
0 1 26.82284010468056
2 0 27.18905226285466
0 0 20.869166689033143
2 0 27.301490172340472
0 1 26.949926500493337
0 2 20.89196799659093
1 0 21.73362132381346
1 0 21.78068402956977
2 3 21.437779966089376
2 1 21.42506522044564
1 1 21.725416597930376
1 0 21.808921653023557
0 3 20.94598070452568
0 2 21.03715433813216
0 0 21.023473553597487
0 2 21.1242661430569
2 1 21.483575594309954
1 3 24.76420387559502
1 3 24.79903356063871
2 1 21.518681818628544
1 0 21.825864227095828
1 2 27.70802996075119
2 1 21.539745553219696
1 2 27.799708762321146
2 0 27.409430565446854
1 0 21.903413690693107
0 3 21.06956196289301
1 2 27.887720411828298
0 0 21.116057672336094
0 0 21.171608143579256
0 0 21.204938426325157
1 1 21.874829307016412
0 1 27.071929440473603
1 1 21.96447693246804
0 2 21.22045428440464
2 3 21.530062983214492
0 2 21.27816716921328
2 3 21.585432793489563
1 2 27.972211595355166
0 2 21.312794900098464
1 2 28.053323131540957
1 2 28.13119020627932
1 1 22.105914633741378
0 1 27.18905226285466
0 1 27.301490172340472
1 1 22.190777254505385
2 2 21.427331866103323
0 2 21.416213402101647
0 1 27.409430565446854
1 3 25.00664861064378
0 1 27.51305334282898
0 3 21.34643638115424
2 2 21.523794123222864
1 1 22.241694826963787
2 0 27.51305334282898
0 1 27.612531209115822
1 1 22.27224537043883
1 0 22.06927668867642
1 1 22.290575696523856
2 1 21.628546535350253
2 0 27.612531209115822
2 0 27.70802996075119
0 2 21.590239276542682
0 0 21.46347429107679
1 2 28.205942598028148
0 1 27.70802996075119
2 0 27.799708762321146
1 1 22.32848475320445
2 3 21.75915483052935
2 2 21.72217162836933
1 2 28.277704894107025
0 1 27.799708762321146
0 1 27.887720411828298
2 2 21.84119813145721
2 0 27.887720411828298
2 3 21.8950722465758
0 2 21.793722914183796
1 1 22.3770646138012
1 0 22.22153977508438
0 3 21.647441176950736
2 1 21.81670726946834
0 3 21.82804405442863
1 3 25.183962928264798
0 0 21.71766392290426
1 3 25.290351518837404
2 1 21.929603709939194
1 3 25.35418467318097
2 0 27.972211595355166
0 0 21.870177702000746
0 2 21.915813096768467
2 3 22.007039522273338
1 3 25.39248456578711
2 3 22.07421988769186
0 0 21.961685969458635
2 3 22.114528106942977
0 3 21.936405780915365
2 2 21.974715053202186
0 2 21.98906720631927
2 0 28.053323131540957
0 3 22.001422816807406
1 3 25.415464501350794
0 0 22.016590929933372
1 3 25.429252462689004
0 1 27.972211595355166
2 3 22.16791319152053
2 2 22.084025359276055
0 0 22.079950732287884
1 1 22.406212530159248
1 0 22.312897626929157
0 0 22.117966613700588
1 1 22.423701279974075
2 0 28.13119020627932
2 0 28.205942598028148
2 1 22.111901561253653
1 2 28.346596698342744
1 1 22.45899557938783
0 2 22.063436498119422
1 3 25.46232628901679
2 2 22.204554550855768
1 0 22.392513387560882
0 0 22.140776142548212
2 0 28.277704894107025
0 2 22.108058073199512
1 0 22.44028284393992
1 3 25.482170584813463
2 0 28.346596698342744
2 2 22.327507541916848
2 2 22.401279336553497
1 2 28.412732830409034
0 1 28.053323131540957
1 0 22.4927535253112
2 0 28.412732830409034
1 3 25.51788616983533
2 1 22.295724755699446
1 1 22.50398116657995
0 2 22.164031171274452
0 3 22.100050017439187
1 2 28.476223517192672
2 1 22.40601867236692
1 0 22.547092581376084
1 3 25.562172168090562
1 2 28.537174576504967
2 0 28.476223517192672
0 3 22.159226337818254
1 0 22.601638396367438
0 1 28.13119020627932
0 2 22.22564717702523
1 3 25.610686148396127
0 1 28.205942598028148
0 3 22.249675137981086
1 0 22.63436588536225
0 2 22.289527641505273
1 3 25.639794536579466
2 1 22.495051669609513
2 2 22.49220806812146
2 1 22.548471467955068
0 2 22.3278559201933
0 1 28.277704894107025
1 1 22.575771547489758
0 1 28.346596698342744
1 0 22.654002378759138
2 0 28.537174576504967
2 3 22.374130762454108
2 3 22.497861305014254
2 1 22.60246572831483
2 1 22.634862284530683
2 3 22.57209963055034
2 0 28.59568759344477
2 0 28.65186008970698
1 1 22.61884577603564
0 1 28.412732830409034
2 0 28.7057856861187
1 3 25.65725956948947
0 1 28.476223517192672
1 0 22.66578427479727
1 0 22.672853412420153
0 2 22.448154018305342
1 0 22.67709489499388
0 1 28.537174576504967
0 0 22.357848533070715
2 1 22.71500021772114
0 3 22.42318793033044
0 2 22.542275258524995
1 1 22.644690313163174
0 0 22.488091967384218
2 3 22.677342625332937
1 0 22.679639784538114
0 3 22.52729560574005
2 2 22.629407687875606
2 0 28.757554258673952
0 3 22.58976021098582
0 1 28.59568759344477
1 2 28.59568759344477
1 1 22.68126172153802
2 2 22.730364145847986
2 1 22.781719663755307
0 0 22.587302714070645
2 1 22.821751331375808
0 3 22.64830366023161
2 1 22.845770331948106
1 1 22.70320456656293
1 1 22.716370273577876
1 0 22.702231404362983
0 2 22.619812688755115
1 0 22.71578637625791
0 2 22.666335146893186
2 1 22.860181732291487
2 0 28.807252088326994
1 1 22.724269697786845
0 3 22.683429729779082
0 0 22.646829162082504
0 1 28.65186008970698
2 1 22.88671979117261
2 0 28.85496200479391
2 3 22.794191896925568
2 1 22.919818196429375
0 2 22.714470720430423
0 1 28.7057856861187
0 2 22.762765279260986
0 1 28.757554258673952
2 0 28.900763524602155
2 0 28.94473298361807
1 0 22.723919359394863
1 2 28.65186008970698
1 1 22.74923145096662
0 0 22.740817030372124
0 2 22.810378700679216
1 2 28.7057856861187
1 2 28.757554258673952
1 0 22.78707114875954
2 2 22.858322361611297
2 2 22.935097291069283
1 1 22.802258403702595
1 3 25.747075274816304
2 1 22.971994791960128
0 3 22.762777370990072
1 1 22.83407457534418
2 3 22.896619012257844
2 1 23.00330074927858
1 0 22.824962222378346
1 2 28.807252088326994
2 0 28.986943664273348
2 2 22.996358093779975
2 2 23.03311457540639
1 1 22.871055497004225
1 1 22.893244050000252
0 1 28.807252088326994
2 3 22.97327112649311
2 1 23.037280168705554
2 2 23.05516846438224
1 2 28.85496200479391
2 3 23.01926239503427
2 2 23.06840079776775
0 3 22.828277174391758
2 0 29.027465917702415
1 0 22.882763655152814
2 3 23.06144516739343
1 3 25.83603148661559
0 1 28.85496200479391
0 2 22.874013542133337
2 0 29.06636728099432
2 3 23.100759321594012
0 3 22.884752626360864
2 0 29.10371258975455
1 3 25.889405213695163
2 0 29.13956408616437
2 0 29.173981522717796
2 3 23.163088941134816
1 2 28.900763524602155
0 1 28.900763524602155
0 3 22.935126444673294
2 1 23.125001449401736
0 3 22.965350735660753
2 1 23.17763421781945
1 0 22.933933061948466
2 2 23.143673826839056
0 0 22.84876508708005
2 2 23.18883764428184
0 1 28.94473298361807
2 2 23.215935934747513
2 0 29.207022261809087
0 2 22.944511999382506
1 2 28.94473298361807
1 3 25.953747002319602
2 1 23.22110854494294
2 2 23.24408957509978
0 0 22.929362926350535
0 2 22.986811073732007
2 0 29.238741371336722
0 3 22.999314315498957
0 3 23.01969246340188
1 3 25.992352075494267
0 1 28.986943664273348
1 2 28.986943664273348
0 3 23.047115197179533
2 3 23.22380025836211
1 0 22.995659556307483
2 0 29.269191716483256
2 0 29.29842404782393
0 3 23.063568837446127
0 3 23.07344102160608
0 2 23.02738636337761
1 3 26.030710964434967
2 1 23.28009778418238
1 3 26.053726297799386
2 1 23.315491327726043
0 1 29.027465917702415
1 0 23.032695452922894
0 3 23.093952343336518
0 3 23.10625913637478
2 0 29.32648708591097
1 0 23.054916990892142
2 0 29.353427602474532
0 0 23.00750548618319
0 1 29.06636728099432
1 3 26.067535497818035
2 3 23.301514091908096
1 2 29.027465917702415
1 3 26.090409029063693
2 3 23.34814239203569
1 3 26.104133147811083
1 0 23.082837924908155
1 1 22.98583416037302
1 2 29.06636728099432
2 1 23.35652873352646
2 3 23.376119372112246
0 3 23.127647702982827
2 0 29.37929049837555
0 1 29.10371258975455
0 2 23.093768350338202
1 2 29.10371258975455
2 1 23.390461819531076
0 3 23.153925154101334
1 3 26.139816420998287
2 1 23.410821671133846
0 1 29.13956408616437
1 2 29.13956408616437
0 0 23.09474636272909
0 2 23.146504081222098
0 0 23.147090888656628
2 3 23.402216202682546
2 0 29.404118878440528
0 0 23.17849760421315
2 2 23.331936541298454
1 2 29.173981522717796
0 3 23.182598163479973
2 1 23.4319757989189
2 0 29.427954123302907
0 1 29.173981522717796
0 3 23.21219224626639
0 0 23.209731910706296
2 3 23.435393205998572
1 2 29.207022261809087
2 1 23.453248963740386
2 0 29.45083595837079
1 0 23.164230769196166
0 2 23.190535796911668
2 2 23.401462869792557
0 3 23.22994869593824
1 1 23.106028510475085
1 3 26.198417866850242
0 2 23.216954826325406
1 1 23.17814512053632
1 3 26.233578734361416
1 0 23.21306647576897
1 2 29.238741371336722
2 0 29.47280252003596
0 1 29.207022261809087
1 3 26.266094134298072
1 0 23.2537867791426
0 1 29.238741371336722
2 0 29.49389041923452
0 3 23.263916111244164
1 2 29.269191716483256
2 0 29.51413480246514
2 2 23.465966250762982
2 2 23.50466827934524
2 3 23.486324452486592
2 3 23.516883200379404
1 0 23.289181085419536
0 3 23.28429656042772
1 1 23.243796090255763
0 2 23.256119789476465
1 2 29.29842404782393
1 2 29.32648708591097
0 1 29.269191716483256
1 0 23.331044002179674
2 0 29.533569410366532
0 1 29.29842404782393
0 1 29.32648708591097
2 0 29.55222663395187
0 0 23.28337449735173
0 1 29.353427602474532
0 2 23.32090581057671
0 3 23.337811873147466
1 3 26.31719183150679
2 2 23.54160255582982
0 0 23.337258635301872
0 1 29.37929049837555
1 0 23.356161752235757
2 1 23.510750966466905
0 1 29.404118878440528
0 0 23.387837977419714
1 3 26.347850449832023
1 0 23.371232402269406
0 3 23.38816992012707
2 1 23.545252168102817
2 0 29.570137568593793
0 1 29.427954123302907
1 1 23.30381300508141
0 0 23.426766270840876
0 1 29.45083595837079
1 1 23.339823153976795
2 2 23.570211058191656
0 0 23.45836070751801
2 0 29.587332065850042
1 3 26.366245620827165
0 0 23.477317369524293
2 3 23.561569463933658
2 3 23.58838122206621
2 1 23.578590844567707
1 1 23.361429243314028
2 3 23.60446827694574
1 0 23.380274792289594
0 2 23.39484443135951
2 1 23.59859405044664
0 2 23.43920760382919
1 1 23.37439289691637
2 1 23.610595973974
2 0 29.60383878321604
1 2 29.353427602474532
2 0 29.619685231887402
2 3 23.62576764964691
0 0 23.488691366728062
2 0 29.634897822611908
0 2 23.465825507310996
1 0 23.395398812264588
2 3 23.644023805928434
2 0 29.649501909707432
1 2 29.37929049837555
0 0 23.49551576505032
1 1 23.40118031756502
2 2 23.615947322409667
0 1 29.47280252003596
2 0 29.663521833319137
2 1 23.645225444379292
0 3 23.443110859289185
1 0 23.413783866773954
1 1 23.41725276995421
0 3 23.476075422786458
1 3 26.396291951911497
0 2 23.489704211599545
0 2 23.504031434172674
1 3 26.414319750562097
1 3 26.425136429752456
1 2 29.404118878440528
0 1 29.49389041923452
1 2 29.427954123302907
0 0 23.51511000995462
1 0 23.44233380445342
2 3 23.66528214355195
1 3 26.44914534224052
2 2 23.648436253440693
2 0 29.676980959986373
0 2 23.52021941142803
0 0 23.526866556897197
0 2 23.529932197781246
2 1 23.670848412222668
2 3 23.682882431726263
0 1 29.51413480246514
1 1 23.44441514636157
2 0 29.689901721586917
2 2 23.677426371835708
1 2 29.45083595837079
0 3 23.510733782559324
0 0 23.541208463025768
0 1 29.533569410366532
0 2 23.5500443064007
1 1 23.468950032830428
0 3 23.538525257267548
1 2 29.47280252003596
2 3 23.69809407880705
1 1 23.491578926911203
1 3 26.479696112557257
1 2 29.49389041923452
0 2 23.562111571572373
2 1 23.690873667104892
2 2 23.694820442872714
0 2 23.569351930675374
1 0 23.483200833596477
1 1 23.512747907071148
2 2 23.70525688549492
0 0 23.556810065547413
1 0 23.507721051082314
1 0 23.522433181573817
0 2 23.573696146137177
0 3 23.55520014209248
0 3 23.56520507298744
0 1 29.55222663395187
2 3 23.70722106705552
2 3 23.712697260004603
2 1 23.702888820034225
0 3 23.577924632015137
2 0 29.702305652723442
2 0 29.714213426614506
0 2 23.58301927590498
1 3 26.505618218458782
1 0 23.53126045986872
0 0 23.572887627551122
0 2 23.588613153765664
2 3 23.72473518958398
0 1 29.570137568593793
1 3 26.521171481999698
0 1 29.587332065850042
1 0 23.536556826845658
2 0 29.725644889549926
1 2 29.51413480246514
1 2 29.533569410366532
2 2 23.724386291534927
2 1 23.722965452258507
1 2 29.55222663395187
1 3 26.55150447742249
1 0 23.56073568433007
1 3 26.56970427467617
2 0 29.736619093967928
0 0 23.59517212023669
1 0 23.575242998820713
2 0 29.74715433020921
0 2 23.604607435965413
0 3 23.5981943229151
0 0 23.60854281584803
1 0 23.583947387515103
0 0 23.616565233214835
0 0 23.621378683634916
2 2 23.74360733379627
0 2 23.614204005285263
0 0 23.624266753886964
2 2 23.755139959153077
2 1 23.742754830230417
0 0 23.62599959603819
2 0 29.75726815700084
2 2 23.76570051201215
0 2 23.619961946877176
2 2 23.77203684372759
0 2 23.62341671183232
1 2 29.570137568593793
0 1 29.60383878321604
1 2 29.587332065850042
0 3 23.616298555706834
0 3 23.627161095381876
2 2 23.77583864275686
0 0 23.63298171958069
2 1 23.75826943465855
1 3 26.593262108511716
1 0 23.601807976215078
1 0 23.61252432943506
1 2 29.60383878321604
0 1 29.619685231887402
0 2 23.637136710578858
2 1 23.767578197315434
1 0 23.62489655961881
1 1 23.565030706200464
2 1 23.773163454909565
0 0 23.64287571522788
0 0 23.64881211261619
1 0 23.63231989772906
1 1 23.596400385678052
0 3 23.63938334070859
2 2 23.778119722174416
0 1 29.634897822611908
0 0 23.65785048371
0 0 23.663273506366288
2 2 23.779488369824954
1 0 23.636773900595212
1 1 23.61522219336461
2 2 23.780309558415276
0 0 23.66652731996006
2 3 23.74745765027069
0 1 29.649501909707432
2 2 23.78080227156947
0 2 23.65610271384199
2 0 29.766977430720807
1 0 23.6394463023149
1 2 29.619685231887402
0 1 29.663521833319137
2 3 23.764586465221903
0 2 23.672529488300086
1 0 23.64675446486841
2 1 23.78000994800523
2 2 23.78459323800117
2 0 29.776298333491976
0 3 23.662497864420047
1 0 23.65113936240051
2 3 23.778219279190253
2 1 23.787473368860248
2 2 23.790223342857814
2 2 23.7936014057718
0 3 23.67636657864692
2 1 23.79195142137326
0 3 23.684687807183042
0 2 23.682385552974942
0 1 29.676980959986373
2 2 23.79562824352019
0 1 29.689901721586917
1 3 26.619043948586494
2 2 23.796844346169227
0 2 23.697795951556255
1 0 23.65377030091977
1 2 29.634897822611908
2 0 29.785246400152296
1 3 26.639989585292184
2 3 23.789620271568978
1 1 23.637696532159055
1 3 26.652556967315597
0 2 23.707042190705046
2 3 23.796460866996213
2 1 23.797859556878784
2 1 23.801404438182097
2 0 29.793836544146206
2 1 23.806623818801896
0 0 23.68828101174733
2 3 23.803657676090364
2 0 29.80208308238036
2 3 23.810944515311146
1 3 26.660097396529643
0 0 23.70133322681969
2 3 23.815316618843617
2 1 23.812724200938064
0 1 29.702305652723442
0 3 23.703642719290265
0 3 23.7150156665546
1 3 26.664621654058074
2 1 23.816384430219767
0 2 23.717055349403466
2 0 29.809999759085144
0 3 23.7218394349132
2 1 23.821430571402512
2 1 23.82445825611216
0 2 23.72306324462252
0 2 23.72666798175395
2 2 23.80970652097219
2 2 23.817423825853965
1 2 29.649501909707432
2 0 29.81759976872174
1 2 29.663521833319137
0 2 23.72883082403281
2 2 23.824790212252204
1 2 29.676980959986373
2 3 23.823525888045996
1 1 23.666331064890528
0 0 23.71362997107225
2 3 23.828451449567424
1 0 23.675975326146958
2 2 23.82921004409115
1 0 23.68929834128327
0 2 23.730128529400126
0 3 23.72593369592836
0 2 23.730907152620517
1 0 23.697292150365058
2 3 23.83140678648028
2 1 23.82901087040712
1 2 29.689901721586917
0 1 29.714213426614506
2 0 29.82489577797287
2 3 23.835806551958402
2 1 23.834369002314507
2 0 29.831899946853955
0 0 23.725294816224572
1 2 29.702305652723442
0 0 23.732293723315966
1 1 23.692628673914754
0 2 23.735661125153534
2 3 23.840967912042466
2 2 23.837010007322114
2 3 23.844064728092903
0 0 23.7364930675708
1 0 23.711205325199472
2 3 23.845922817723164
1 1 23.70840723932929
0 3 23.73267705113824
0 2 23.738513508673343
1 3 26.691603027415283
1 0 23.719553230100125
0 1 29.725644889549926
1 3 26.707791851429608
0 1 29.736619093967928
2 2 23.841689985260693
0 1 29.74715433020921
2 1 23.840105382256127
1 2 29.714213426614506
0 0 23.750871399417797
2 2 23.844497972023838
2 3 23.84703767150132
2 1 23.843547210221097
2 0 29.838623948979794
1 1 23.722161177178798
2 0 29.845078991020603
1 3 26.721791944438987
0 1 29.75726815700084
1 1 23.730413539888502
2 0 29.85127583137978
2 0 29.85722479812459
2 3 23.856823530225647
2 2 23.855299710539157
1 2 29.725644889549926
2 3 23.862695045460242
1 3 26.734307326901366
0 1 29.766977430720807
1 3 26.741816556378794
2 3 23.866217954600998
2 3 23.868331700085452
1 2 29.736619093967928
1 0 23.73691481188853
1 1 23.743430997761557
0 1 29.776298333491976
0 2 23.76257550526112
2 0 29.86293580619961
1 2 29.74715433020921
2 3 23.87165591028313
0 1 29.785246400152296
1 2 29.75726815700084
2 2 23.863836716555355
0 3 23.76229493473777
1 3 26.75770647034758
2 2 23.86895892016507
0 3 23.78006566489749
0 0 23.773211543705507
2 3 23.87365043640174
0 2 23.780234007211497
0 2 23.790829108381725
0 3 23.79072810299332
1 2 29.766977430720807
1 0 23.75826076219261
1 2 29.776298333491976
1 0 23.774423857372675
0 3 23.79712556585082
0 1 29.793836544146206
0 1 29.80208308238036
0 0 23.792676835880233
2 1 23.856785216364518
2 2 23.872032242330903
0 3 23.80702524916742
2 2 23.8738762356304
0 1 29.809999759085144
2 3 23.874847152072903
0 2 23.806097378299686
0 1 29.81759976872174
1 0 23.784121714480715
1 1 23.765525998714047
1 0 23.78994042874554
0 0 23.809942018267964
1 0 23.793431657304435
1 0 23.795526394439772
1 2 29.785246400152296
0 1 29.82489577797287
0 3 23.821177629570688
2 2 23.874982631610102
1 2 29.793836544146206
2 0 29.868418373951627
0 0 23.822927691031012
1 1 23.785096755121064
1 1 23.796839208965274
0 1 29.831899946853955
2 3 23.877538905866327
2 3 23.879153958142382
1 1 23.8038846812718
2 1 23.866701744441297
0 2 23.823142407847236
0 0 23.833240595486032
2 3 23.880122989508017
1 3 26.78040503810118
2 0 29.87368163899356
0 3 23.832190558609838
2 3 23.882599183742492
0 0 23.839428338159042
2 0 29.878734373433815
0 0 23.84314098376285
1 3 26.79402417875334
1 1 23.808111964655716
2 0 29.883584998496463
2 3 23.887650109704225
0 1 29.838623948979794
2 3 23.890680665281263
2 3 23.892498998627484
2 1 23.878111646123507
0 0 23.847789211890436
1 2 29.80208308238036
2 2 23.88308017842479
2 3 23.893589998635218
0 1 29.845078991020603
2 3 23.894244598639858
0 1 29.85127583137978
0 2 23.840344744005062
1 1 23.813617088450357
2 0 29.888241598556604
1 2 29.809999759085144
2 1 23.88663396315448
1 1 23.819770166340867
2 3 23.89631373466429
2 2 23.88961508253525
1 2 29.81759976872174
1 1 23.826198016544346
2 1 23.891747353373063
1 3 26.81075042399183
0 2 23.85066614569976
0 3 23.845773634462624
0 0 23.85513282643098
2 1 23.894815387504217
2 3 23.897555216278953
0 0 23.85953899515531
1 2 29.82489577797287
1 2 29.831899946853955
2 3 23.89830010524775
2 2 23.893536025001527
0 2 23.856858986716574
0 3 23.853923479974295
0 2 23.860574691326665
2 1 23.896656207982907
1 3 26.825934235262523
1 2 29.838623948979794
1 3 26.83746516279024
0 1 29.85722479812459
2 2 23.89588859048129
2 1 23.89776070027012
2 3 23.898747038629025
1 1 23.837623431559333
0 1 29.86293580619961
1 3 26.844383719306872
1 2 29.845078991020603
1 3 26.850858668351542
2 0 29.89271193461434
1 0 23.82154427343128
1 0 23.837155000826186
0 2 23.86700170502786
0 2 23.870857913248578
2 1 23.900032716623233
0 1 29.868418373951627
1 0 23.846521437263128
0 1 29.87368163899356
1 1 23.846802495703017
1 0 23.852141299125293
1 2 29.85127583137978
2 1 23.9013959264351
1 1 23.85454079671853
2 3 23.900624519638576
1 3 26.856974500307643
2 1 23.90221385232222
1 0 23.857744078771894
0 1 29.878734373433815
2 0 29.897003457229765
0 1 29.883584998496463
1 2 29.85722479812459
0 0 23.873813996551917
2 3 23.90329595638586
2 3 23.904898818434233
0 2 23.880605347407872
0 2 23.88645380790345
2 1 23.904249555996046
1 3 26.86278562750944
0 2 23.8899628842008
0 1 29.888241598556604
0 0 23.884055373411528
0 1 29.89271193461434
0 2 23.895354026981643
1 0 23.863247374587992
1 1 23.86132540535597
2 0 29.901123318940577
1 1 23.865396170538435
1 1 23.867838629647913
0 0 23.891809520508076
2 2 23.90193754910738
0 0 23.896462008766008
0 3 23.87373038444574
0 1 29.897003457229765
2 3 23.907343685879148
1 2 29.86293580619961
1 2 29.868418373951627
2 3 23.908810606346094
2 1 23.906954128416235
0 1 29.901123318940577
1 1 23.873333792411334
1 3 26.87030199112825
1 0 23.87057903937538
0 1 29.905078386182954
0 1 29.908875250735633
1 2 29.87368163899356
0 0 23.905072295524434
2 2 23.905566924283036
2 0 29.905078386182954
0 3 23.891433320932272
0 0 23.91023846757949
0 3 23.90205508282419
1 0 23.876872813662906
1 0 23.880649078235425
1 1 23.87852566548448
2 3 23.91111458283352
2 1 23.910000696075606
1 0 23.882914836978937
1 0 23.884274292225044
1 2 29.878734373433815
0 0 23.913338170812523
1 0 23.8869089497712
2 2 23.909168373595683
0 0 23.91519799275234
0 2 23.904407506453815
1 0 23.888489744298894
2 0 29.908875250735633
0 2 23.909839594137118
1 3 26.878525569113126
1 3 26.88345971590405
1 1 23.883459773726862
1 3 26.886420203978602
2 2 23.91269611442224
0 2 23.913098846747097
1 1 23.88642023867229
2 1 23.913195507910192
2 3 23.91386383996494
0 3 23.90842813995934
1 2 29.883584998496463
2 1 23.915112395010944
1 1 23.8899427426621
0 2 23.91505439831309
2 0 29.912520240706208
2 0 29.91601943107796
2 3 23.918085299167032
0 0 23.91631388591623
2 0 29.91937865383484
0 0 23.916983421814567
2 2 23.918593984033887
0 1 29.912520240706208
0 0 23.918697339742977
0 0 23.919725690500023
2 2 23.922132705800877
1 3 26.88994272184589
1 3 26.89205623256626
1 0 23.891184446038064
0 2 23.91753992564209
2 3 23.921827494880763
1 2 29.888241598556604
0 1 29.91601943107796
2 0 29.922603507681448
0 1 29.91937865383484
1 3 26.895000715020135
0 3 23.916033199356146
0 1 29.922603507681448
1 1 23.89373262107764
2 2 23.92541688624585
0 2 23.922661218150573
2 0 29.92569936737419
1 2 29.89271193461434
2 2 23.928501904002218
2 2 23.93035291465604
0 2 23.925733993655665
2 0 29.928671392679224
1 0 23.896086964084
1 0 23.89902847491156
2 2 23.932533450158147
1 3 26.89837672547324
1 2 29.897003457229765
2 0 29.931524536972056
2 2 23.934868903404826
1 0 23.90233832954965
1 1 23.8991608172493
2 1 23.924416270316506
1 3 26.90194727988666
1 0 23.904324242332507
0 0 23.923972677065336
0 1 29.92569936737419
0 3 23.922871691868394
1 0 23.90551579000222
2 2 23.936270175352835
1 0 23.90623071860405
1 2 29.901123318940577
2 3 23.928445330238397
0 0 23.92763537849391
2 3 23.932416031452977
0 2 23.92869216844811
1 1 23.903900885168188
1 0 23.908142825981038
1 0 23.909290090407232
2 0 29.934263555493175
1 0 23.909978449062947
1 0 23.910391464256378
1 0 23.910639273372432
0 3 23.926974787375745
2 0 29.936893013273448
0 2 23.930467073323573
2 2 23.939043589990142
2 3 23.936731103650228
1 3 26.905572762750605
0 1 29.928671392679224
0 1 29.931524536972056
1 3 26.90774805246897
1 0 23.910787958842064
1 3 26.909053226299992
2 0 29.93941729274251
2 1 23.932839987577207
0 2 23.933629077304083
1 3 26.909836330598605
0 1 29.934263555493175
1 1 23.90674492591952
1 0 23.910877170123847
2 3 23.94022888757744
0 2 23.936512326359992
0 0 23.932916107073886
0 3 23.93251975240299
1 0 23.910930696892915
1 3 26.91030619317777
1 1 23.90845135037032
1 3 26.91058811072527
2 2 23.94161637938139
0 2 23.938242275793538
1 2 29.905078386182954
2 0 29.941840601032812
1 2 29.908875250735633
0 3 23.935846731419335
0 0 23.936084544221874
2 2 23.944032444000648
2 0 29.9441669769915
2 3 23.944037444263405
0 2 23.939280245453666
0 3 23.937842918829144
2 1 23.939604104263264
2 1 23.943662574274896
2 1 23.94609765628188
0 2 23.93990302724974
0 2 23.940276696327388
1 2 29.912520240706208
1 2 29.91601943107796
1 1 23.914837805410258
2 0 29.94640029791184
1 0 23.916325413323815
0 1 29.936893013273448
1 0 23.919562243182355
1 0 23.92150434109748
0 3 23.93998723607593
2 0 29.948544285995368
0 0 23.938932211311567
1 3 26.91611986162323
0 2 23.941447502574874
0 2 23.942149986323365
1 0 23.922669599846557
1 1 23.91866967843422
2 3 23.947898409516377
2 1 23.94913453672746
2 1 23.95095666499481
0 1 29.93941729274251
2 2 23.947895409358722
2 1 23.952049941955217
1 1 23.9209688022486
0 3 23.942182567032862
2 3 23.950214988668158
0 1 29.941840601032812
0 1 29.9441669769915
1 2 29.91937865383484
1 2 29.922603507681448
1 0 23.925739022673255
0 1 29.94640029791184
0 0 23.9440634340352
1 1 23.92471854411448
2 3 23.951604936159228
2 1 23.952705908131463
2 1 23.95309948783721
1 2 29.92569936737419
0 1 29.948544285995368
1 1 23.928082898723396
1 0 23.92869518585866
2 3 23.952438904653867
0 2 23.94676593475235
1 3 26.922923689228647
2 3 23.952939285750652
1 3 26.927005985791897
1 2 29.928671392679224
1 3 26.930525292839658
1 3 26.932636877068315
2 0 29.950602514555552
2 2 23.95095415085523
0 3 23.94678548317805
0 2 23.94953550380974
1 3 26.93390382760551
2 0 29.952578413973328
2 1 23.954787921732724
2 2 23.953500719543538
0 3 23.949547232865164
1 0 23.931538812879715
2 0 29.954475277414396
0 3 23.95120428267743
0 3 23.95219851256479
0 1 29.950602514555552
0 2 23.951938207525842
2 3 23.955374671319575
2 2 23.955711531595306
0 3 23.953536012778876
0 0 23.94865496566112
2 3 23.956835902660927
2 3 23.95771264146574
2 1 23.956483852908818
1 0 23.93324498909235
0 1 29.952578413973328
2 3 23.958238684748626
1 3 26.934663997927824
2 3 23.958554310718355
0 2 23.954091153545903
1 0 23.934268694819934
2 1 23.957501411614473
0 1 29.954475277414396
0 1 29.95629626631782
0 1 29.958044415665107
0 3 23.957017597306766
0 1 29.959722639038503
2 0 29.95629626631782
2 2 23.9576935748316
1 0 23.934882918256484
2 0 29.958044415665107
2 1 23.95939683660812
1 0 23.93525145231841
2 3 23.960028576070453
2 0 29.959722639038503
1 1 23.93117144059856
2 1 23.961138252018735
0 3 23.95971070843792
0 2 23.957954842181405
0 0 23.954693129450533
0 3 23.961326575116615
2 2 23.96011629495282
1 1 23.933024565723656
1 2 29.931524536972056
2 2 23.961569927025554
0 0 23.95831602772418
2 2 23.962442106269194
1 3 26.936147232066634
1 1 23.935163572744134
0 1 29.961333733476962
2 0 29.961333733476962
0 0 23.961069760686215
2 2 23.96354540781322
0 2 23.96085304936055
0 0 23.962722000463437
0 0 23.96371334432977
2 2 23.964207388739638
0 0 23.964308150649565
0 0 23.964665034441445
2 0 29.962880384137883
2 3 23.96265408393191
2 1 23.96331988950088
2 0 29.964365168772368
1 0 23.936499704700985
2 1 23.965163394458582
2 1 23.966269497433203
1 1 23.936446976956418
0 1 29.962880384137883
2 2 23.965695894001836
1 3 26.93703717254992
2 0 29.965790562021475
0 3 23.96343288335961
0 3 23.964696668305404
1 2 29.934263555493175
1 1 23.938203066151395
2 0 29.967158939540617
0 0 23.965435958954505
1 1 23.93925671966838
0 0 23.96589851366234
0 3 23.96545493927288
2 1 23.967938916694543
1 3 26.938557183507495
0 3 23.965909901853365
0 0 23.966176046487043
0 0 23.966342566181865
2 1 23.968940568251348
1 3 26.93946919008204
2 0 29.96847258195899
0 3 23.966182879401657
0 2 23.96314876790597
0 3 23.966346665930633
1 1 23.939888911778567
2 0 29.969733678680633
1 1 23.940268227044683
2 2 23.968521660726132
0 3 23.966444937848017
2 0 29.97094433153341
0 0 23.966442477998758
1 0 23.938234702798134
2 3 23.967132409711176
2 1 23.970904300302838
1 0 23.93927570165642
2 1 23.97208253953373
1 3 26.940016394026767
1 3 26.940344716393604
0 1 29.964365168772368
0 3 23.967038423466864
1 2 29.936893013273448
1 2 29.93941729274251
2 1 23.97278948307227
0 3 23.96739451483817
2 1 23.97321364919539
2 1 23.973468148869262
1 3 26.942397055223466
2 0 29.972106558272074
0 0 23.967036947557308
0 1 29.965790562021475
2 0 29.97322229594119
0 3 23.968121311230632
2 0 29.974293404103545
2 3 23.971025071303984
1 0 23.941755646381157
1 1 23.942351161614113
1 0 23.943243613215998
1 0 23.944136393316903
0 3 23.968557389066113
0 0 23.967906770862115
0 3 23.9688190357674
1 2 29.941840601032812
2 3 23.973360668259666
2 3 23.974762026433076
0 3 23.968976023788173
0 1 29.967158939540617
1 3 26.944500849505893
1 2 29.9441669769915
0 0 23.968921280751893
1 1 23.945310808685406
0 0 23.969529986685757
2 1 23.974826514798835
1 1 23.947086596928184
2 0 29.975321667939404
2 1 23.976011709337488
1 0 23.94638194770708
0 1 29.96847258195899
0 3 23.97003574377814
0 0 23.970368121516692
0 2 23.96653939024882
0 3 23.970671575772123
2 1 23.97672282606068
1 0 23.94772928034119
1 0 23.948537679921653
2 2 23.972228796893866
2 1 23.977149496094597
1 3 26.946600621420476
2 2 23.974453078594507
1 2 29.94640029791184
2 3 23.975973016318033
2 3 23.976699610249007
1 0 23.949826715201255
1 3 26.948664480100547
2 0 29.976308801221826
1 1 23.94895606540517
2 3 23.977490934589262
2 0 29.977256449172952
1 1 23.950077746491367
2 0 29.978166191206032
2 3 23.97863438958773
0 3 23.97105307496851
2 0 29.979039543557793
2 3 23.979634869433443
2 1 23.978743933337565
1 1 23.950750755143083
0 0 23.97087100241525
0 1 29.969733678680633
2 0 29.979877961815482
2 3 23.980536987913638
2 3 23.981078259001755
2 3 23.98140302165463
2 3 23.98159787924635
1 3 26.94990279530859
1 0 23.950600136369015
2 1 23.980002426256114
0 1 29.97094433153341
2 0 29.980682843342862
1 1 23.95115456033411
2 1 23.9810472793571
1 2 29.948544285995368
2 2 23.977717670760136
2 0 29.981455529609146
1 0 23.95183602477974
2 1 23.981952358273553
2 3 23.982282718207102
1 3 26.951417620143488
1 0 23.952577557826178
2 0 29.98219730842478
2 1 23.982762445997054
0 0 23.972062560801177
1 0 23.953022477654038
1 3 26.952326515044426
0 2 23.96946359350132
2 1 23.983248498631152
0 3 23.972171804333136
1 2 29.950602514555552
0 3 23.97284304195191
0 2 23.97121811545282
2 0 29.98290941608779
2 3 23.983217020715863
2 3 23.98377760222112
1 3 26.953612814266652
1 0 23.954030391832422
1 1 23.952909641440463
2 0 29.983593039444276
1 3 26.95438459379999
1 3 26.95484766151999
0 3 23.973245784523176
2 1 23.984042593378632
0 0 23.972777495832737
2 1 23.98451905022712
1 3 26.955125502151994
1 1 23.953962690104277
0 1 29.972106558272074
1 0 23.95463514033945
0 3 23.97390583169185
1 1 23.954594519302567
1 1 23.95497361682154
1 3 26.955292206531194
1 1 23.955201075332923
1 3 26.955392229158715
1 3 26.955452242735227
2 1 23.984804924336213
2 0 29.984249317866507
0 1 29.97322229594119
1 2 29.952578413973328
0 0 23.97402652403847
2 1 23.985212709033668
0 0 23.974775940961912
0 0 23.97522559111598
0 1 29.974293404103545
2 0 29.984879345151846
2 3 23.984823125587337
0 2 23.97347649474897
2 0 29.98548417134577
0 0 23.975880980146865
0 2 23.97483152232666
0 0 23.976274213565397
2 2 23.98140490414056
2 0 29.986064804491942
0 2 23.975644538873272
0 3 23.97508912449239
0 0 23.976510153616516
1 0 23.95570931323407
0 0 23.976651717647187
2 3 23.9858772049695
1 1 23.956048874230152
2 0 29.986622212312263
0 1 29.975321667939404
1 1 23.95655755356849
2 0 29.987157323819773
0 2 23.976502523782152
0 1 29.976308801221826
1 2 29.954475277414396
0 1 29.977256449172952
2 0 29.987671030866984
2 3 23.987087894093815
0 3 23.976865796397696
1 3 26.95688244551032
2 3 23.987814307568403
2 3 23.988250155653155
0 3 23.97793179954088
0 0 23.97780335229057
0 2 23.977713835971553
0 1 29.978166191206032
0 2 23.9787681304171
0 3 23.978898908558698
1 2 29.95629626631782
2 3 23.988511664504006
0 3 23.97947917396939
1 2 29.958044415665107
0 1 29.979039543557793
0 1 29.979877961815482
2 3 23.988668569814518
1 0 23.95832157757988
0 3 23.98044357063521
1 1 23.958830521780534
2 0 29.988164189632307
1 2 29.959722639038503
1 1 23.96079846312218
1 2 29.961333733476962
2 3 23.98894025015634
0 3 23.9810222086347
2 1 23.986866733687833
2 1 23.987859148480332
1 3 26.960209611357897
1 2 29.962880384137883
2 1 23.98845459735583
1 1 23.963116016162946
1 2 29.964365168772368
2 3 23.989103258361435
2 2 23.984582050751968
1 3 26.96329722757279
0 2 23.980016944503838
2 0 29.988637622047015
0 0 23.97943807762792
0 0 23.980418912830324
1 2 29.965790562021475
2 1 23.988982302350422
1 2 29.967158939540617
0 3 23.98136939143439
0 1 29.980682843342862
0 3 23.981867458464066
0 1 29.981455529609146
0 2 23.981334157361594
1 1 23.966046827932388
2 3 23.989371498953787
1 2 29.96847258195899
2 2 23.986658774388104
0 0 23.981575338357487
1 0 23.963643076053167
2 3 23.989532443309198
1 0 23.966835975137137
2 2 23.987904808569787
0 3 23.982444465737732
1 1 23.968278226264673
1 3 26.96662846604891
1 0 23.96875171458752
2 1 23.98929892534718
2 3 23.989629009922446
2 1 23.989488899145233
1 0 23.96990115825775
2 2 23.988652429078797
1 3 26.96862720913458
1 0 23.970590824459887
1 2 29.969733678680633
0 1 29.98219730842478
2 3 23.98968694989039
1 2 29.97094433153341
1 2 29.972106558272074
2 3 23.989721713871162
1 3 26.971134686458697
2 2 23.989101001384206
1 0 23.97231285565388
0 0 23.982536234047412
1 1 23.970925296736752
2 2 23.98937014476745
1 3 26.972639172853167
1 3 26.97354186468985
1 0 23.973346074370276
2 3 23.989742572259622
1 1 23.97251353902
1 0 23.97396600560011
0 0 23.983112771461368
0 2 23.982391525449877
2 0 29.989092117165136
1 3 26.974083479791858
1 3 26.97440844885306
2 3 23.989918705535224
1 2 29.97322229594119
0 1 29.98290941608779
1 3 26.97500509585067
2 1 23.989766501666587
1 0 23.9747396298989
0 3 23.983314069234243
0 3 23.98383583133215
1 2 29.974293404103545
2 1 23.9899330631794
1 0 23.975589403416617
2 1 23.990033000087088
2 2 23.98969524903992
0 3 23.984148888590894
0 3 23.98433672294614
1 3 26.97574868298768
1 0 23.976099267527246
0 2 23.98328230506153
0 2 23.98381677282852
0 2 23.984137453488714
1 1 23.974253748889275
1 0 23.976405185993624
0 3 23.984449423559287
0 0 23.983715052668423
1 2 29.975321667939404
1 2 29.976308801221826
1 1 23.976023417773423
0 2 23.98432986188483
0 3 23.984517043927177
1 1 23.977085219103913
0 1 29.983593039444276
1 1 23.977722299902204
1 0 23.977314280036033
0 0 23.984322525800994
1 0 23.977859736461475
2 3 23.990024385500583
1 0 23.978187010316745
2 2 23.9898903116034
0 1 29.984249317866507
2 2 23.99000734914149
2 0 29.98952843247853
0 1 29.984879345151846
2 1 23.990250035744523
1 1 23.978104548381182
1 0 23.978383374629907
1 0 23.978501193217802
0 3 23.98526679061097
1 0 23.978571884370538
1 0 23.97861429906218
1 2 29.977256449172952
1 0 23.978980901139572
0 1 29.98548417134577
2 0 29.98994729517939
0 2 23.985372218815378
0 1 29.986064804491942
0 2 23.986206660906326
2 0 29.990349403372214
2 0 29.990735427237325
0 0 23.985576845097697
1 2 29.978166191206032
2 3 23.990679385105786
0 0 23.986329436675717
0 1 29.986622212312263
2 0 29.99110601014783
2 0 29.991461769741917
2 2 23.990930646591984
1 0 23.979528369517915
1 0 23.97985685054492
0 3 23.986344070799
0 1 29.987157323819773
2 0 29.99180329895224
0 3 23.987183079054518
1 2 29.979039543557793
1 0 23.980368346007758
2 1 23.99119920906952
1 2 29.979877961815482
2 0 29.992131166994152
0 2 23.987100633118914
2 3 23.991574851181365
2 3 23.992112130826712
1 0 23.980977073858227
1 2 29.980682843342862
1 0 23.98163206791837
2 2 23.991725608073082
2 3 23.99243449861392
1 1 23.97990855263214
2 2 23.992202584961746
2 0 29.992445920314385
0 2 23.987637016446463
1 3 26.978495033396037
0 1 29.987671030866984
0 1 29.988164189632307
1 0 23.982025064354453
2 0 29.99274808350181
0 2 23.988321318135508
2 0 29.99303816016174
0 2 23.988731899148938
0 2 23.988978247756993
2 1 23.992213263099938
2 3 23.99295443682658
0 2 23.989126056921826
1 2 29.981455529609146
1 0 23.982539029271962
2 0 29.99331663375527
0 0 23.98753677027306
0 0 23.988261170431468
1 3 26.980421010696915
1 1 23.981269122238576
0 1 29.988637622047015
1 0 23.98284740822247
1 1 23.982085464002438
0 0 23.988866246195805
1 2 29.98219730842478
2 0 29.99358396840506
0 0 23.98922929165441
1 3 26.98184363745107
2 2 23.993011779602867
1 0 23.9832994759664
2 2 23.993497296387538
0 2 23.98938517809002
0 1 29.989092117165136
2 3 23.993462890721766
0 2 23.98970426903346
2 2 23.993788606458345
1 1 23.982842309434382
2 0 29.993840609668855
0 3 23.988383009612157
0 2 23.989895723599524
2 2 23.994055783355794
2 1 23.99311057734075
2 0 29.9940869852821
1 2 29.98290941608779
0 2 23.99001059633916
0 1 29.98952843247853
2 1 23.993737661106003
2 1 23.994113911365154
2 0 29.994323505870813
2 1 23.994424808932585
2 2 23.994389932126968
0 1 29.98994729517939
1 3 26.982953572262247
2 3 23.99403419654655
0 0 23.989918601257227
2 0 29.99455056563598
0 0 23.990332187018915
2 3 23.99445872155688
1 0 23.983827075371444
2 0 29.994768543010537
0 2 23.99038738406808
0 3 23.989410832031872
0 1 29.990349403372214
2 2 23.994750634759974
1 0 23.98414363501447
0 3 23.99017228443312
1 0 23.984333570800285
2 3 23.994791908417923
0 2 23.990758215654843
1 2 29.983593039444276
1 1 23.98379887986057
1 0 23.984693636680113
2 3 23.994991820534544
0 3 23.99062915587387
2 3 23.995111767804516
0 3 23.990903278738315
2 2 23.994967056339775
1 2 29.984249317866507
0 1 29.990735427237325
0 0 23.990864066016787
1 3 26.98410189778929
1 0 23.985145936440013
1 0 23.98541731629595
1 3 26.984790893105515
2 0 29.994977801290116
0 3 23.991206721048428
2 1 23.994846893823993
1 1 23.984609082348285
2 3 23.995259069147153
0 1 29.99110601014783
1 1 23.985095203840913
1 0 23.985580144209514
2 0 29.99517868923851
2 3 23.995419769614156
0 2 23.991253093046126
2 2 23.99524456192973
0 2 23.991550019480897
0 0 23.991316603263293
2 1 23.99517246442026
1 2 29.984879345151846
0 2 23.99172817534176
2 3 23.99551618989436
2 3 23.99557404206248
1 3 26.985431100117975
1 3 26.98581522432545
0 0 23.991588125611194
2 2 23.995411065283704
2 3 23.99560875336335
2 2 23.995510967296084
0 0 23.991751039019938
2 1 23.99536780677802
2 1 23.995485012192674
0 0 23.991848787065184
2 3 23.995629580143873
2 2 23.995570908503517
2 2 23.995606873227974
0 3 23.991522196282276
2 2 23.995628452062647
1 3 26.986045698849935
1 3 26.986183983564626
2 1 23.995555335441466
0 2 23.991835068858276
2 1 23.995597529390743
0 0 23.99190743589233
0 1 29.991461769741917
1 3 26.98626695439344
0 0 23.992070698642486
0 1 29.99180329895224
0 1 29.992131166994152
0 0 23.992409639303386
1 0 23.985904650780373
1 0 23.98609935472289
2 0 29.995371541668973
1 3 26.98631673689073
2 3 23.995711503087154
2 0 29.995556680002217
2 2 23.995777476038384
2 0 29.99573441280213
0 3 23.99208053788726
2 1 23.995822906243212
1 2 29.98548417134577
1 1 23.985831423989026
2 1 23.995958132354694
1 0 23.986433914518212
2 1 23.996039268021583
2 0 29.995905036290043
2 2 23.995992298687447
0 2 23.99226826143286
0 1 29.992445920314385
0 0 23.99272631489521
2 1 23.996149373877365
1 2 29.986064804491942
2 1 23.996215437390838
1 0 23.986843678328025
2 0 29.99606883483844
0 0 23.992916320250306
2 3 23.996011682394133
0 1 29.99274808350181
0 1 29.99303816016174
1 3 26.986773371751536
1 2 29.986622212312263
0 1 29.99331663375527
1 0 23.987290203429232
2 0 29.996226081444902
0 1 29.99358396840506
2 2 23.996236768532633
2 0 29.996377038187106
2 3 23.99630274318384
0 3 23.99293855135818
2 0 29.99652195665962
0 2 23.993051185485534
1 3 26.98724801948334
0 2 23.99352093991714
1 2 29.987157323819773
1 2 29.987671030866984
0 0 23.993440020776003
2 0 29.996661078393238
0 1 29.993840609668855
2 0 29.99679463525751
2 1 23.996575331127204
0 1 29.9940869852821
1 2 29.988164189632307
2 1 23.996791267369026
0 3 23.993634445516463
1 3 26.988087919957636
2 3 23.996627714603008
2 1 23.996920829114117
0 2 23.99398387865184
2 0 29.99692284984721
2 3 23.9968688547068
2 0 29.997045935853322
0 0 23.993935327167158
0 0 23.994232511001847
1 0 23.98811323032517
0 2 23.994261641892656
0 0 23.994410821302665
1 0 23.988607046462732
1 3 26.988591860242213
1 1 23.987237962661048
2 3 23.997057849731277
2 3 23.997171246745964
2 1 23.997089034375666
2 1 23.997189957532598
0 3 23.994051982011435
1 2 29.988637622047015
2 1 23.997250511426756
2 1 23.99728684376325
0 2 23.994428299837146
0 3 23.994302503908415
0 0 23.994517807483156
2 1 23.997308643165145
0 3 23.994452817046604
2 3 23.997239284954773
0 1 29.994323505870813
1 0 23.989073771814567
0 2 23.99461344201578
1 1 23.988252321533555
2 1 23.997321722806284
0 3 23.994628152341456
2 1 23.997329570590963
0 0 23.994667146603383
0 3 23.994733353518363
0 0 23.994756750075524
1 0 23.989353807025665
0 1 29.99455056563598
1 0 23.989521828152327
1 1 23.98886093685706
2 2 23.996678598026776
2 1 23.99733427926177
2 0 29.99716409841919
1 1 23.989226106051163
2 0 29.997277534482425
2 1 23.997420479970735
0 3 23.99487821573997
2 1 23.997472200396114
2 0 29.99738643310313
2 1 23.997542436154795
2 1 23.997584577610006
1 2 29.989092117165136
2 1 23.99760986248313
1 3 26.989228278324777
2 0 29.997490975779005
2 0 29.997591336747846
2 2 23.99714004004529
0 0 23.994892253674266
2 1 23.997698798719103
1 1 23.989608825810144
0 1 29.994768543010537
2 1 23.997752160460685
0 0 23.995052027688352
1 0 23.989786259070847
0 1 29.994977801290116
0 1 29.99517868923851
0 1 29.995371541668973
0 3 23.995260684444812
0 3 23.995490165667718
1 1 23.989838457665535
2 2 23.9974169052564
0 2 23.995101820210298
1 1 23.98997623677877
0 2 23.99539484712701
2 3 23.99747645220209
0 2 23.995570663277036
1 3 26.989610129174316
2 0 29.99768768327793
2 1 23.997818862256466
1 2 29.98952843247853
1 1 23.990215977759533
0 3 23.995627854401462
1 1 23.99035982234799
0 0 23.99536497161384
1 0 23.99010199113478
0 3 23.995710467641707
2 3 23.99765343730131
0 3 23.995760035585853
1 3 26.98999631319686
2 0 29.997780175946815
0 2 23.99567615296705
2 2 23.997651006494692
0 2 23.99573944678106
1 0 23.99029143037314
2 3 23.99779292572164
1 0 23.990405093916156
2 3 23.997876618773837
2 1 23.997892180694734
0 0 23.995552737969135
2 2 23.99779146723767
1 1 23.990446129101066
0 2 23.995777423069462
1 2 29.98994729517939
1 1 23.99064870372522
2 0 29.997868968908943
1 0 23.990624082614275
2 2 23.99790770914982
0 0 23.99566539778231
0 0 23.995732993670217
2 0 29.997954210152585
1 3 26.990378814182698
2 1 23.99799882407177
0 1 29.995556680002217
0 1 29.99573441280213
1 3 26.9906083147742
2 2 23.998008141144823
2 0 29.99803604174648
2 3 23.998018946293037
2 2 23.998097859715628
1 2 29.990349403372214
0 2 23.99593084245044
0 3 23.995920409960277
0 0 23.995904184810897
1 1 23.99091500744913
1 1 23.991074789683474
1 3 26.990890774078515
0 3 23.996016634584933
2 2 23.99815169085811
2 1 23.998092269471798
2 2 23.998183989543598
2 2 23.998203368754893
0 1 29.995905036290043
1 3 26.991060249661107
0 2 23.99608431853468
2 1 23.99814833671181
0 1 29.99606883483844
0 1 29.996226081444902
1 0 23.99090023478256
0 0 23.996183900206702
1 0 23.991065926083532
1 0 23.991165340864114
2 3 23.998104342804556
0 3 23.996251370071125
2 3 23.99815558071147
2 3 23.998186323455613
1 2 29.990735427237325
1 0 23.99136395832391
1 2 29.99110601014783
2 2 23.998214996281668
0 0 23.996351729444186
0 0 23.99645242698668
1 0 23.991616538647566
1 0 23.99176808684176
2 0 29.998114600076622
0 2 23.996291980440972
2 3 23.99823305010095
2 2 23.998250253796584
2 2 23.998271408305534
2 1 23.99821025805467
1 3 26.991434313449886
1 2 29.991461769741917
0 1 29.996377038187106
0 1 29.99652195665962
1 1 23.991571110917175
0 2 23.996523092662045
1 3 26.991786825177023
0 0 23.99661936058947
1 2 29.99180329895224
0 1 29.996661078393238
0 0 23.99676960457525
1 1 23.99199185417311
0 0 23.996859750966713
1 2 29.992131166994152
1 0 23.99222807222295
0 2 23.996711843818794
2 3 23.998261086088156
0 0 23.996913838801596
1 1 23.99236233262176
0 2 23.996825094512843
1 0 23.992504063451662
2 1 23.998247410860387
0 3 23.99654881026424
0 2 23.996893044929273
1 2 29.992445920314385
0 3 23.99672727438011
2 0 29.998190016073558
2 1 23.998296852302712
0 1 29.99679463525751
1 3 26.99235262641939
0 3 23.99688243332077
2 2 23.998311250769802
2 2 23.998335156248363
1 2 29.99274808350181
0 2 23.996981895650265
0 3 23.996975528685166
0 0 23.99699437197366
1 3 26.992800885912285
2 3 23.998305057439374
2 1 23.99832651716811
1 1 23.992806709633708
1 0 23.992891748131647
0 3 23.997031385903803
2 0 29.998262415430617
2 1 23.998370379855885
2 2 23.998375563304037
0 3 23.997064900234985
2 3 23.998357504018646
0 0 23.9970426918769
0 0 23.99707168381884
2 0 29.998331918813392
2 2 23.998424828755244
1 2 29.99303816016174
1 3 26.993174269205596
0 1 29.99692284984721
1 3 26.993398299181585
2 3 23.99841399318401
1 2 29.99331663375527
1 3 26.99363296766085
1 2 29.99358396840506
1 2 29.993840609668855
0 1 29.997045935853322
1 1 23.993466645261012
1 1 23.993862606637393
0 3 23.997175477048188
2 3 23.998447886683227
1 2 29.9940869852821
2 2 23.99845438802597
0 3 23.997241823136108
2 0 29.998398642060856
0 0 23.9971795471985
0 2 23.997125674297354
2 0 29.99846269637842
2 0 29.998524188523284
0 2 23.99721194148561
0 2 23.99726370179856
2 1 23.998490935781913
1 2 29.994323505870813
0 3 23.997281630788862
2 2 23.998541340683964
2 2 23.99859351227876
0 0 23.997244265226293
2 0 29.998583220982354
1 2 29.99455056563598
1 1 23.99435576761139
0 1 29.99716409841919
0 3 23.997348053904226
1 3 26.994217984225465
2 3 23.998558691563584
1 2 29.994768543010537
1 2 29.994977801290116
0 3 23.997387907773444
0 3 23.997411820094975
0 2 23.997337296510047
0 3 23.997426167487895
2 1 23.998584521022796
1 1 23.994805469031277
1 2 29.99517868923851
2 1 23.998640672167326
1 2 29.995371541668973
1 2 29.995556680002217
1 0 23.99413545367979
1 0 23.99488167700867
2 3 23.9986251744918
1 3 26.99493119533608
1 2 29.99573441280213
1 0 23.995393394813966
0 1 29.997277534482425
0 0 23.997366471549448
1 0 23.995700425497148
2 3 23.998665064248726
1 1 23.995347670027535
2 0 29.99863989214306
1 0 23.995884643907054
1 1 23.995672990625287
1 1 23.99586818298394
1 3 26.995423105810413
0 1 29.99738643310313
2 3 23.998709399720738
1 0 23.995995174953
2 0 29.998694296457337
1 2 29.995905036290043
2 2 23.9986860540919
1 2 29.99606883483844
0 1 29.997490975779005
0 1 29.997591336747846
2 2 23.99874157917978
1 0 23.99618188551364
0 3 23.997588581721963
1 1 23.996105690332204
2 2 23.99877489423251
2 2 23.998794883264146
1 0 23.996293911850024
2 2 23.99880687668313
0 2 23.997535259135255
2 3 23.998755586557085
1 0 23.996361127651852
0 2 23.99765403671038
1 1 23.996248194741163
2 2 23.99881407273452
1 2 29.996226081444902
0 0 23.997552764158893
0 1 29.99768768327793
2 2 23.99881839036535
2 3 23.998783298658893
2 1 23.99871435002504
0 3 23.997720715013234
2 2 23.998820980943854
2 1 23.998758556739666
1 3 26.995895252806413
1 3 26.996178541004014
0 1 29.997780175946815
1 2 29.996377038187106
1 1 23.996444650592057
0 1 29.997868968908943
2 1 23.998785080768442
2 2 23.998822535290955
0 2 23.99782525083345
1 1 23.996562524102593
2 0 29.998746524599046
0 0 23.997764487302554
1 1 23.996633248208916
2 2 23.99884227003023
0 3 23.99786525781516
0 1 29.997954210152585
0 3 23.997982670344026
0 2 23.997958666155
1 1 23.99667568267271
2 3 23.998818728050992
1 0 23.996512410338468
1 3 26.996402858349764
0 0 23.997922208036464
2 1 23.99881979731672
1 2 29.99652195665962
0 3 23.998053117861346
0 2 23.99803871534793
0 1 29.99803604174648
2 0 29.99879666361508
0 0 23.99804629985061
0 0 23.9981207549391
2 3 23.998858035732024
2 2 23.998872160919568
1 1 23.99675331400109
0 3 23.99812484574554
2 2 23.99889009545317
2 3 23.998881620340644
1 2 29.996661078393238
2 1 23.998858677291462
2 0 29.99884479707048
1 2 29.99679463525751
1 0 23.996753514895783
0 0 23.998165427992195
0 2 23.99811620423749
1 3 26.996687783702562
2 3 23.998913099149757
2 0 29.99889100518766
0 1 29.998114600076622
2 1 23.998915968242436
0 0 23.9982205128229
2 2 23.99893481913946
0 2 23.99819097857008
2 0 29.998935364980152
0 0 23.998253563721324
1 3 26.99685873891424
0 1 29.998190016073558
1 1 23.996898057093357
2 1 23.998966312338318
2 2 23.99897762287653
2 3 23.998964590882707
1 0 23.99689817763017
0 2 23.998262992928527
2 2 23.999003305118773
1 3 26.996961312041247
1 0 23.996984975270806
1 3 26.99702285591745
2 1 23.998996518795845
2 2 23.999018714464118
0 0 23.998300544019273
2 1 23.99901464267036
2 1 23.99902551699507
0 0 23.998328732198043
2 1 23.999032041589896
2 0 29.998977950380947
1 1 23.996984902948718
0 2 23.9983062015436
0 1 29.998262415430617
1 2 29.99692284984721
0 0 23.998371708873847
2 2 23.999043290815614
0 2 23.99835819048118
2 3 23.999010816666765
2 0 29.99901883236571
1 3 26.997105939495466
1 1 23.997083167714226
2 2 23.999072754141025
0 3 23.998249377002345
0 1 29.998331918813392
2 0 29.99905807907108
2 2 23.999104560950205
1 2 29.997045935853322
0 1 29.998398642060856
1 3 26.997200100604474
0 2 23.998438425430617
1 2 29.99716409841919
1 1 23.997228976059446
0 2 23.99848656640028
1 2 29.997277534482425
0 2 23.998515450982076
2 0 29.999095755908236
0 0 23.99844653646622
1 2 29.99738643310313
0 2 23.998532781731154
0 0 23.99849143302164
1 1 23.997396501552792
1 1 23.997497016848804
2 0 29.999131925671907
2 1 23.999106718195822
1 3 26.99737917627981
1 2 29.997490975779005
1 1 23.997594961389723
2 3 23.999093983241945
1 2 29.997591336747846
2 0 29.99916664864503
2 1 23.999164024429703
1 2 29.99768768327793
2 3 23.999156383457375
0 1 29.99846269637842
0 0 23.998541430509217
1 2 29.997780175946815
2 1 23.99919840817003
0 1 29.998524188523284
1 1 23.997757840174685
1 2 29.997868968908943
0 3 23.99841833406979
1 0 23.997423813969704
0 0 23.998593566173913
1 1 23.99788753291203
1 1 23.997965348554438
2 0 29.99919998269923
2 0 29.99923198339126
0 0 23.998624847572728
0 1 29.998583220982354
0 2 23.99860962859234
1 0 23.997687117189045
1 3 26.997660334575105
2 2 23.999186250590977
2 3 23.99921734409528
1 0 23.997845099120646
2 1 23.999242558922873
0 0 23.998664868097286
1 3 26.997829029552282
0 3 23.998540959995523
1 1 23.998012037939883
2 2 23.999235264375443
1 1 23.998040051571152
0 2 23.998655736709054
1 0 23.99793988827961
1 0 23.997996761774985
0 1 29.99863989214306
0 2 23.998703803196932
0 2 23.99873264308966
0 0 23.99870928202987
1 1 23.998056859749912
1 1 23.998066944657168
2 0 29.99926270405561
0 2 23.998749947025296
1 2 29.997954210152585
2 1 23.999280108813743
1 3 26.9979609333863
0 3 23.998634937168816
0 3 23.99869132347279
1 2 29.99803604174648
2 2 23.999275732085287
0 1 29.998694296457337
1 1 23.998133141823033
0 2 23.998779914939817
2 2 23.999300012711192
2 1 23.999302638748265
2 1 23.99931615670898
0 1 29.998746524599046
2 1 23.999324267485406
0 1 29.99879666361508
1 2 29.998114600076622
1 0 23.998119313092573
2 2 23.999314581086736
1 3 26.998097816059364
1 3 26.998179945663203
2 3 23.999264979917186
2 0 29.999292195893386
1 3 26.998229223425504
2 1 23.99933975101286
1 2 29.998190016073558
0 0 23.998792368119354
0 1 29.99884479707048
1 0 23.998219993642024
0 3 23.998798921029046
1 3 26.998285939841782
2 3 23.99930417847193
2 2 23.99933393917366
2 3 23.999327697604777
2 0 29.99932050805765
1 2 29.998262415430617
0 1 29.99889100518766
0 0 23.99887618273917
0 3 23.998880114484983
1 2 29.998331918813392
0 2 23.99886871083145
0 0 23.998926471511062
1 2 29.998398642060856
2 3 23.99935200146362
0 0 23.998956644774196
1 2 29.99846269637842
0 2 23.998921988366426
1 3 26.9984181346013
2 1 23.99935923350847
2 1 23.999370923005838
0 1 29.998935364980152
0 1 29.998977950380947
1 0 23.998378566881446
1 2 29.998524188523284
2 0 29.999347687735344
0 0 23.999006049001657
1 3 26.998519588629165
0 2 23.998985255156995
2 3 23.999376368462897
1 1 23.998348592962202
2 1 23.999387721388224
1 3 26.998580461045883
2 2 23.99936553108892
2 1 23.99939780041766
1 2 29.998583220982354
1 3 26.99863823618118
2 0 29.99937378022593
0 2 23.99902321523134
2 0 29.999398829016894
0 2 23.999045991275946
2 2 23.999402897099436
2 3 23.99940939952382
1 3 26.998672901262353
2 3 23.999429218160373
2 1 23.99942225869668
1 1 23.998499115330972
0 3 23.99896013082813
2 2 23.999425316705747
2 0 29.99942287585622
2 0 29.999445960821973
1 2 29.99863989214306
1 2 29.998694296457337
0 0 23.999035691538136
1 1 23.998629415923226
1 1 23.998707596278578
1 2 29.998746524599046
0 2 23.99905965690271
0 2 23.999067856278767
1 0 23.998575888984526
0 3 23.999008140634018
1 2 29.99879666361508
2 1 23.999453901113917
0 1 29.99901883236571
2 0 29.999468122389096
2 2 23.99946371408352
2 0 29.999489397493534
2 1 23.999488523766022
0 3 23.999051664032066
0 1 29.99905807907108
2 2 23.999494411547786
2 0 29.99950982159379
0 0 23.99908232338847
0 3 23.99909190688483
2 1 23.999516650033378
1 0 23.998712332292143
1 0 23.998794198276716
2 3 23.999481066669986
0 3 23.999116052596484
2 3 23.999512175775756
0 2 23.99910162223285
1 0 23.99884331786746
0 2 23.999121881805298
0 0 23.99911030249867
0 3 23.99913054002348
1 1 23.998791356668576
0 0 23.99912708996479
1 0 23.998872789621906
2 0 29.99952942873004
0 0 23.999137162444462
2 2 23.999527241271487
1 1 23.998841612902574
2 2 23.999546939105706
2 0 29.999548251580837
2 2 23.999565534032527
2 1 23.999547360589126
2 1 23.999565786922577
2 2 23.99957669098862
2 2 23.999583385162275
0 1 29.999095755908236
0 2 23.999147601210144
1 2 29.99884479707048
2 1 23.999576842722647
1 1 23.998889094686916
1 2 29.99889100518766
1 2 29.998935364980152
0 3 23.999152796141054
2 1 23.999583476202687
1 0 23.998940405165996
2 2 23.999587401666467
0 1 29.999131925671907
1 0 23.998980974492454
2 1 23.999587456290712
1 1 23.998950188205004
1 2 29.998977950380947
1 3 26.998835802894554
0 2 23.99917605396797
1 2 29.99901883236571
2 0 29.999566321517605
1 3 26.99894826138839
0 1 29.99916664864503
1 2 29.99905807907108
0 2 23.99920562589299
1 2 29.999095755908236
2 0 29.999583668656904
2 3 23.999557426181937
1 3 26.99904342896
0 1 29.99919998269923
1 2 29.999131925671907
2 0 29.999600321910627
1 3 26.999113550617885
0 2 23.99923536930752
2 3 23.99959057159699
2 3 23.99961045884602
2 0 29.999616309034202
1 1 23.99905760616489
1 0 23.99907607793736
0 2 23.999253215356234
2 2 23.99961431225219
1 1 23.99912205694082
2 2 23.999630458603626
2 0 29.999631656672836
0 0 23.999194291238403
0 2 23.999263922985463
2 0 29.999646390405925
1 1 23.999160727406377
2 3 23.99963897585375
2 0 29.99966053478969
2 0 29.9996741133981
0 0 23.999228568514766
2 3 23.999666066335564
0 2 23.999270347563
2 1 23.999635154597744
1 1 23.999183929685714
0 3 23.999203671456357
2 1 23.999663773581965
1 0 23.999133140004304
1 2 29.99916664864503
1 0 23.99917987751479
0 0 23.999249134880586
0 2 23.999274202309522
1 3 26.99916812388294
2 3 23.999682320624657
1 1 23.99921035132364
2 3 23.999692073198112
1 2 29.99919998269923
2 2 23.99966095598549
0 1 29.99923198339126
1 1 23.999238204565906
2 2 23.99967925441461
2 2 23.99969023347208
1 3 26.999212868101484
2 2 23.999696820906564
0 1 29.99926270405561
2 0 29.99968714886218
1 0 23.9992199202806
2 2 23.999705466134323
0 3 23.999256776333834
2 0 29.999699662907695
1 2 29.99923198339126
2 3 23.99970712256564
1 2 29.99926270405561
1 2 29.999292195893386
0 0 23.999284054388372
2 1 23.99969014279595
0 3 23.99928863926032
1 1 23.999288113261166
2 0 29.99971167639139
0 1 29.999292195893386
1 0 23.999277142689976
2 2 23.999719483181494
2 2 23.999727893409798
2 3 23.999720477040285
0 1 29.99932050805765
2 0 29.999723209335734
2 1 23.999714441038435
1 2 29.99932050805765
1 2 29.999347687735344
1 0 23.99933145319871
1 1 23.999338035541424
0 1 29.999347687735344
2 3 23.999732641585034
2 0 29.999734280962304
1 1 23.999367988909576
1 1 23.999385960930468
0 3 23.999338351140917
1 0 23.999364039503952
2 3 23.99974392609745
2 2 23.99974107719231
1 0 23.999383591287096
1 1 23.999396744143006
1 1 23.999403214070526
0 2 23.999329688970438
0 0 23.999335600217748
2 2 23.999748987461818
0 1 29.99937378022593
1 2 29.99937378022593
2 2 23.99975373362352
1 3 26.999302281742224
0 3 23.999377571565883
0 1 29.999398829016894
1 0 23.99940471565359
2 0 29.999744909723816
2 2 23.999760407674685
0 0 23.999384938576732
2 1 23.999736832123634
0 1 29.99942287585622
0 1 29.999445960821973
1 2 29.999398829016894
0 0 23.999431509041948
1 0 23.999426407838236
2 1 23.999750266774754
0 1 29.999468122389096
1 0 23.999439423149024
1 1 23.9994255068884
0 3 23.999435066999602
0 2 23.999406337442338
0 3 23.999469564259837
2 2 23.999764412105385
2 1 23.999758327565427
0 1 29.999489397493534
0 2 23.999459985563075
2 3 23.999754523159044
0 1 29.99950982159379
1 3 26.999364947491415
0 0 23.999482441198932
2 1 23.99976316403983
2 3 23.999760881396
0 3 23.999505274329664
2 2 23.999766814763806
0 3 23.99952670037156
1 0 23.9994472323355
1 1 23.99943888257912
2 0 29.999755113334864
1 3 26.99940254694093
1 3 26.99942510661064
2 0 29.999764908801467
0 2 23.99949952711161
2 3 23.999771896006127
1 3 26.999438642412464
2 0 29.99977431244941
1 2 29.99942287585622
0 0 23.999513000493124
1 2 29.999445960821973
2 0 29.999783339951435
0 1 29.99952942873004
1 3 26.99946373134339
1 2 29.999468122389096
1 2 29.999489397493534
2 0 29.999792006353378
1 1 23.999479512645145
2 3 23.99978825989089
1 1 23.999503890684757
0 1 29.999548251580837
2 2 23.9997852111455
2 0 29.99980032609924
2 0 29.99980831305527
0 1 29.999566321517605
1 0 23.99948452249897
1 2 29.99950982159379
0 3 23.999559895969274
2 0 29.999815980533057
1 2 29.99952942873004
0 3 23.9995798133279
2 2 23.9998048796792
2 2 23.99981668079942
2 0 29.999823341311735
0 0 23.99955167604221
0 3 23.999591763743076
0 3 23.999598933992182
1 2 29.999548251580837
1 0 23.999528084068483
0 2 23.999543592013303
0 2 23.999570030954317
1 1 23.999539704979956
2 1 23.999794301296124
0 1 29.999583668656904
2 0 29.999830407659267
1 2 29.999566321517605
0 0 23.99958112634181
1 3 26.99952211455237
2 3 23.999811902691874
0 2 23.999592139289078
2 3 23.999826088372462
0 3 23.999609481111797
2 1 23.999815527535013
0 3 23.999615809383563
1 2 29.999583668656904
2 1 23.999828263278346
0 2 23.99960540428993
1 0 23.999566971157577
0 2 23.999613363290443
1 3 26.999563389447907
2 1 23.999835904724343
0 2 23.99961813869075
1 0 23.999590303411033
1 0 23.999604302763103
2 2 23.99982895523699
2 3 23.99983459978081
0 0 23.99959879652157
0 2 23.999621003930933
1 2 29.999600321910627
2 3 23.999839706625824
2 2 23.99983631989953
2 3 23.999842770732833
2 0 29.999837191352896
1 1 23.999579938875797
0 2 23.999622723075046
0 3 23.999619606346624
2 0 29.99984370369878
1 0 23.99961869754569
2 0 29.99984995555083
0 1 29.999600321910627
0 0 23.999615393800767
1 0 23.999627334415237
0 0 23.999625352168287
0 1 29.999616309034202
2 2 23.999847775938015
0 0 23.999637082553285
0 0 23.999644120784282
2 2 23.999854649561108
2 3 23.999851646438
1 2 29.999616309034202
0 1 29.999631656672836
0 0 23.99965386887279
0 1 29.999646390405925
0 0 23.99966502186981
1 0 23.999638271901453
2 1 23.999847526832905
0 3 23.99964446435411
1 2 29.999631656672836
0 3 23.9996593791586
1 2 29.999646390405925
1 3 26.999610734214876
1 3 26.999639141075058
1 1 23.99962066387161
1 3 26.99965618519117
0 3 23.999668328041295
2 1 23.999854500098042
2 3 23.9998569718611
2 1 23.999858684057124
1 3 26.999666411660833
1 3 26.99967254754263
1 1 23.999645098869102
0 2 23.999646334391162
2 0 29.999855957328798
2 3 23.999862327755025
2 1 23.99986335507264
0 2 23.99966050118083
0 0 23.99967171366802
0 1 29.99966053478969
2 2 23.99986093437503
1 1 23.999659759867598
0 0 23.999680820725104
0 0 23.999686284959353
0 3 23.999678789349066
2 3 23.99986554129138
1 2 29.99966053478969
2 2 23.999864705263384
0 1 29.9996741133981
1 3 26.99968132104987
0 1 29.99968714886218
2 2 23.999866967796397
1 1 23.999673648444848
0 3 23.999694647199824
0 0 23.999699144565994
0 2 23.999683674298883
2 1 23.99986615768195
1 1 23.999681981591195
1 2 29.9996741133981
2 1 23.999867839247536
1 2 29.99968714886218
1 0 23.999670336731256
0 1 29.999699662907695
1 3 26.999696166220303
1 3 26.999705073322566
2 0 29.999861719035646
1 3 26.999710417583927
1 2 29.999699662907695
1 3 26.999718129197127
1 3 26.99972275616505
1 3 26.9997255323458
2 3 23.99986954362766
0 3 23.999708666966665
1 0 23.999694080685522
1 1 23.999701067601485
0 2 23.9997020832261
1 1 23.999712519207662
1 2 29.99971167639139
1 0 23.999712651912212
1 3 26.99973152290838
0 0 23.999711365386368
1 0 23.999723794648226
0 2 23.99971312858243
0 0 23.999718697878592
1 3 26.999735117245926
1 0 23.999730480289834
1 1 23.999723715025496
1 0 23.9997344916748
1 0 23.99973689850578
2 2 23.99987039953067
1 1 23.9997304325162
2 2 23.999872458571232
1 1 23.99973446301062
2 0 29.99986725027422
0 2 23.999719755796228
0 0 23.999723097373924
0 0 23.999725737071124
1 1 23.99973688130727
1 3 26.999737273848456
1 3 26.999738567809974
1 0 23.999738342604367
1 0 23.99973920906352
2 1 23.999872913647238
0 0 23.999727320889445
1 0 23.999739728939012
2 0 29.999872560263253
0 0 23.999728271180437
2 0 29.99987765785272
0 1 29.99971167639139
1 0 23.99974004086431
1 0 23.999740228019487
2 1 23.999879705015324
1 3 26.999739344186885
0 0 23.99973316620916
2 3 23.999877683003575
1 3 26.99973981001303
1 1 23.99973833228526
2 0 29.99988255153861
0 0 23.999736103226397
1 2 29.999723209335734
1 1 23.99974335473202
0 3 23.9997214036809
2 2 23.999881193696638
2 1 23.999885541563096
0 3 23.999729045709444
2 1 23.999889043491756
1 0 23.999744492172557
1 3 26.99974424136868
2 0 29.999887249477066
0 2 23.99972805697864
0 3 23.999733630926567
2 3 23.99988601961389
2 2 23.999888126029724
1 3 26.999746900182075
1 1 23.999746368200075
2 2 23.999892285429578
2 1 23.9998928359068
1 2 29.999734280962304
2 0 29.999891759497984
1 1 23.999752162066475
2 1 23.999896734963354
1 2 29.999744909723816
0 3 23.999736382056838
0 1 29.999723209335734
1 3 26.999756307609818
0 0 23.999742017296704
0 0 23.999745565738884
2 2 23.99989640467702
0 2 23.99973718954805
1 2 29.999755113334864
1 3 26.999765625366443
2 0 29.999896089118064
0 1 29.999734280962304
0 1 29.999744909723816
2 0 29.99990024555334
2 0 29.999904235731208
1 2 29.999764908801467
1 1 23.999766664408412
0 1 29.999755113334864
1 3 26.999774742388396
2 0 29.99990806630196
0 2 23.99975415452938
0 0 23.99975918024388
2 0 29.999911743649882
2 3 23.99989983948229
1 3 26.999780212601564
0 0 23.999767348946882
2 0 29.999915273903888
2 0 29.999918662947735
2 1 23.999908759639197
0 3 23.999753670034654
1 2 29.99977431244941
2 3 23.99991062235056
2 0 29.999921916429827
0 3 23.999764042821344
0 0 23.999772250168682
1 2 29.999783339951435
1 2 29.999792006353378
0 3 23.999770266493357
2 2 23.99990973272095
1 2 29.99980032609924
0 3 23.999774000696565
1 1 23.999788116040776
1 1 23.999800987020194
2 2 23.99991772954731
1 2 29.99980831305527
1 1 23.999811584912013
0 1 29.999764908801467
0 0 23.999778717269734
2 0 29.999925039772634
1 3 26.999799120260835
0 2 23.999767859886155
0 1 29.99977431244941
2 3 23.999919387728482
1 1 23.999817943647106
2 2 23.999923652046533
2 1 23.999918270101666
2 1 23.99992397637915
0 0 23.99978598284363
1 3 26.9998104648564
1 0 23.999777688003434
1 0 23.999797605501957
1 1 23.99982175888816
1 2 29.999815980533057
2 0 29.99992803818173
1 2 29.999823341311735
0 3 23.999783152899727
2 3 23.99992572638251
1 0 23.9998149661734
0 2 23.999779468413482
2 2 23.999928284973343
0 1 29.999783339951435
1 0 23.999825382576265
2 1 23.99992847957291
2 2 23.999931064729427
1 1 23.99982945820512
1 3 26.999822681786064
0 1 29.999792006353378
2 1 23.999931181489167
2 3 23.999929529574928
2 1 23.999932802638924
0 2 23.999792803335303
0 2 23.999800804288398
1 1 23.9998340777953
1 3 26.999830011943864
0 0 23.999796711993394
2 1 23.999933775328778
0 2 23.999805604860256
0 2 23.999808485203367
0 2 23.999810213409233
1 3 26.999834410038545
2 1 23.99993435894269
2 0 29.99993091665446
1 2 29.999830407659267
1 2 29.999837191352896
2 3 23.99993284774056
0 0 23.999803149483252
0 2 23.999811250332755
1 2 29.99984370369878
2 2 23.999933768833262
1 1 23.999844180008743
1 3 26.99984437935469
2 3 23.99993483863994
0 3 23.99979501402705
2 3 23.999936033179573
1 1 23.99985024133681
0 1 29.99980032609924
2 3 23.99993674990335
0 2 23.99981486759538
0 2 23.999817037952955
1 0 23.99983896287732
0 0 23.999810007085678
0 1 29.99980831305527
1 2 29.99984995555083
0 3 23.99980800111613
1 3 26.999852611611114
0 3 23.999815793369574
1 3 26.99985755096497
0 0 23.999816996951303
0 0 23.99982119087068
0 0 23.999823707222305
2 0 29.99993367998828
1 2 29.999855957328798
0 2 23.99982121547167
2 1 23.999936740161395
2 0 29.99993633278875
0 0 23.99982521703328
1 3 26.999862675217347
1 0 23.999851522364757
2 3 23.99993912974596
0 2 23.9998237219829
2 0 29.9999388794772
0 0 23.999826122919863
0 1 29.999815980533057
0 2 23.99982798618164
0 2 23.999830544700885
0 2 23.99983207981243
1 3 26.999865749768777
2 3 23.99994147445937
1 1 23.999858289440454
2 2 23.99993825791175
1 3 26.999867594499634
1 1 23.99986311830264
1 0 23.99985905805722
0 1 29.999823341311735
2 1 23.99994004070863
0 0 23.999832076624145
2 0 29.999941324298113
1 3 26.999868701338148
1 1 23.99986601561995
2 2 23.999941831494368
2 0 29.99994367132619
1 0 23.999863579472695
2 3 23.999944606353047
0 3 23.999825878893972
1 1 23.99986775401034
2 0 29.99994592447314
0 1 29.999830407659267
1 2 29.999861719035646
0 0 23.999838192731822
0 3 23.99983447409372
1 1 23.999870871259034
1 1 23.99987274160825
2 1 23.99994455723551
2 2 23.99994563170695
0 3 23.99983963121357
1 3 26.99987143965572
0 0 23.99984186239643
2 3 23.99994729662216
2 0 29.99994808749421
0 2 23.999838194644795
1 0 23.999868366536447
0 1 29.999837191352896
2 1 23.999948045839222
0 3 23.999845167615184
0 3 23.999848489456156
2 0 29.99995016399444
2 3 23.999950437011297
2 3 23.999952321244777
0 3 23.99985048256074
0 2 23.999844305673918
0 2 23.99984797229139
2 1 23.999950886541534
0 2 23.99985017226188
1 3 26.999873082646268
1 1 23.999873863817783
0 3 23.999851678423486
1 3 26.99987406844059
2 1 23.99995259096292
1 1 23.9998745371435
0 2 23.99985149224417
0 3 23.999852395941133
2 1 23.99995361361575
1 3 26.99987465991719
0 1 29.99984370369878
1 1 23.999874941138934
1 2 29.99986725027422
0 0 23.999848850769418
2 1 23.99995422720745
0 3 23.99985517089624
0 1 29.99984995555083
1 1 23.99987717478208
2 2 23.99994943806217
1 2 29.999872560263253
1 1 23.99988042656402
1 2 29.99987765785272
1 3 26.999880752777294
2 1 23.999954595362468
2 0 29.999952157434663
1 3 26.999884408493358
0 1 29.999855957328798
2 1 23.99995553389396
1 2 29.99988255153861
2 3 23.999954169423347
0 2 23.99985903998487
2 0 29.999954071137275
1 0 23.99987873847577
2 3 23.999955967263425
0 1 29.999861719035646
2 2 23.99995312844672
0 3 23.999863321390578
1 0 23.99988496163936
2 1 23.999956785945795
0 3 23.99986821168718
1 1 23.99988597449231
0 2 23.99986564284375
0 2 23.99986960455908
2 2 23.999955342677453
0 2 23.999871981588278
0 2 23.9998734078058
0 0 23.999859529314485
1 1 23.999889303249287
2 2 23.99995667121589
1 0 23.999888695537514
1 3 26.999888363649916
2 0 29.99995590829178
0 2 23.999874263536313
2 2 23.999958129714578
0 3 23.99987114586514
1 3 26.99989073674385
2 2 23.99995900481379
0 3 23.999872906371916
1 1 23.99989130050347
1 3 26.99989216060021
1 3 26.99989301491403
2 2 23.999959529873315
1 3 26.99989352750232
1 0 23.999890935876408
1 3 26.999893835055293
2 2 23.99995984490903
2 2 23.999960033930456
0 2 23.99987477697462
2 3 23.999957707343096
0 3 23.999873962675984
1 0 23.999892280079745
0 3 23.999874596458422
1 1 23.999892498855985
2 0 29.99995767196011
2 1 23.999958833473116
2 2 23.999960782263912
1 3 26.999894019587078
1 0 23.999893086601748
0 2 23.999875085037605
2 3 23.999959386311495
2 2 23.99996123126399
0 1 29.99986725027422
0 1 29.999872560263253
0 0 23.999869839283463
0 2 23.999879172717332
2 1 23.99996006198951
2 1 23.999960799099345
0 0 23.999876025264847
0 0 23.99987973685368
1 1 23.99989321786749
2 1 23.99996124136525
0 2 23.99988162532517
2 1 23.999961506724787
0 2 23.99988309688987
0 1 29.99987765785272
2 2 23.999961500664032
2 0 29.999959365081708
0 0 23.999883798939187
0 2 23.9998858149609
2 1 23.999962275464288
1 1 23.999893649274394
1 2 29.999887249477066
0 3 23.999880714702034
1 2 29.999891759497984
1 2 29.999896089118064
0 1 29.99988255153861
2 3 23.999961003216313
0 0 23.999887997917412
2 2 23.999962271827833
1 3 26.99989900383475
0 2 23.99988920753044
1 0 23.999898444043552
1 2 29.99990024555334
2 0 29.999960990478442
0 1 29.999887249477066
1 1 23.99990027796384
1 0 23.999903154825333
1 3 26.999903490700053
2 3 23.999962558502027
2 2 23.999963319668936
1 1 23.999904255177505
1 1 23.999906641505703
0 1 29.999891759497984
0 0 23.99989383216972
0 0 23.99989733272111
1 3 26.999906182819235
1 1 23.999908073302624
2 0 29.999962550859305
1 2 29.999904235731208
2 2 23.99996451011071
0 3 23.999889462240496
0 2 23.999894557937537
1 1 23.99991036884481
0 2 23.999897768181796
2 0 29.999964048824936
0 2 23.999899694328352
2 2 23.999965763643402
0 3 23.99989471076357
1 1 23.99991174617012
2 3 23.999964592678197
0 1 29.999896089118064
1 1 23.999912572565307
2 3 23.9999658131839
0 2 23.999902408679514
0 2 23.99990403729021
0 2 23.99990501445663
0 0 23.99990099171517
0 2 23.99990560075648
1 1 23.99991306840242
1 0 23.999907417758436
1 1 23.99991336590469
2 3 23.999966545487318
1 0 23.999909975518296
0 0 23.999903187111606
2 3 23.999966984869367
1 0 23.99991151017421
1 1 23.99991354440605
2 2 23.99996651576302
0 0 23.999904504349466
1 0 23.99991243096776
2 1 23.999964422855548
1 3 26.999909234554774
2 0 29.999965486871936
1 1 23.999913651506866
0 2 23.99990595253639
1 3 26.9999110655961
1 2 29.99990806630196
0 0 23.999905294692184
1 3 26.999913543226366
2 0 29.99996686739706
1 0 23.999914362449363
2 3 23.999968263184563
2 2 23.999967981720754
1 3 26.999915029804527
0 1 29.99990024555334
2 1 23.99996672597627
1 3 26.999915921751423
0 1 29.999904235731208
2 0 29.999968192701175
0 2 23.999909096385068
2 3 23.99996950728316
0 1 29.99990806630196
0 3 23.99990373032685
1 0 23.999915521338323
0 0 23.999910080684018
2 1 23.99996858495819
0 0 23.999912952279118
0 0 23.999914675236177
2 3 23.99997025374232
2 2 23.999969338404878
0 0 23.999915709010413
2 3 23.999970701617816
1 0 23.9999162166717
0 0 23.999916329274953
2 3 23.999970970343114
0 2 23.999912361699746
2 1 23.999969700347336
2 2 23.99997015241535
0 0 23.999916701433676
2 0 29.99996946499313
0 1 29.999911743649882
1 3 26.99991645691956
2 3 23.999971589603394
0 0 23.99991824857416
1 2 29.999911743649882
1 1 23.999916418618078
0 3 23.99991046591007
0 3 23.99991450726
0 1 29.999915273903888
1 1 23.999918078884804
0 0 23.999920447749897
1 2 29.999915273903888
1 0 23.99991922860842
2 0 29.999970686393404
0 0 23.999921767255337
0 1 29.999918662947735
1 2 29.999918662947735
1 1 23.999921565992068
0 3 23.999919423017186
2 1 23.999971267310027
1 0 23.999922255826235
1 1 23.999923658256424
2 0 29.999971858937666
1 0 23.999924072156926
2 3 23.999972822979597
2 3 23.99997356300532
1 1 23.99992491361504
2 2 23.99997196066677
0 3 23.999922372471495
1 1 23.999925666830208
2 0 29.99997298458016
2 2 23.99997345084892
2 2 23.99997434495821
1 2 29.999921916429827
1 3 26.99992176406647
2 3 23.99997441225205
1 3 26.999924948354618
2 0 29.999974065196955
2 1 23.99997342385692
1 0 23.999926333208894
2 3 23.999975310822133
2 0 29.999975102589076
2 0 29.99997609848551
1 1 23.999927290012863
2 2 23.99997600242971
1 0 23.999927689840074
0 0 23.999923779014388
0 2 23.999918135681032
1 3 26.99992685892751
1 3 26.999928005271244
0 0 23.999924986069818
1 1 23.999928263922456
1 3 26.999928693077486
2 0 29.99997705454609
1 2 29.999925039772634
1 1 23.999929972671623
2 1 23.999975793950746
1 2 29.99992803818173
2 0 29.99997797236425
2 1 23.999977546421576
2 1 23.999978597904075
2 3 23.999977256544412
2 0 29.999978853469678
2 1 23.99997954599153
0 1 29.999921916429827
2 3 23.99997874117573
2 2 23.99997798870691
1 3 26.999931309591915
2 2 23.999979180473233
2 0 29.999979699330893
0 2 23.99992277132336
0 3 23.999925313397636
0 3 23.99992707795332
0 2 23.999925552708753
2 0 29.999980511357656
1 0 23.999930707649465
2 1 23.999980711683673
0 3 23.99992813668673
0 0 23.99992688155663
0 3 23.999928771926776
2 0 29.99998129090335
1 0 23.9999325183351
1 2 29.99993091665446
2 1 23.99998169173541
2 0 29.999982039267216
1 3 26.999933915750752
0 1 29.999925039772634
1 1 23.99993311359858
0 0 23.999929143252125
1 0 23.999934640996663
1 3 26.99993547944606
0 3 23.999930277474213
2 3 23.999980778841635
2 0 29.99998275769653
0 3 23.999931180802676
2 2 23.99998130105469
2 2 23.999982573403564
0 0 23.99993050026942
1 2 29.99993367998828
1 3 26.999937412463417
2 2 23.99998333681289
0 1 29.99992803818173
0 1 29.99993091665446
1 3 26.999938572273834
2 2 23.999983794858487
1 2 29.99993633278875
1 2 29.9999388794772
2 0 29.99998344738867
0 1 29.99993367998828
1 3 26.999941139976094
1 3 26.99994268059745
0 1 29.99993633278875
0 2 23.999932411429203
1 3 26.999943604970262
1 1 23.99993786477094
1 3 26.99994415959395
2 3 23.9999825083649
1 0 23.99993878120979
2 0 29.99998410949312
0 1 29.9999388794772
0 0 23.99993629677344
1 3 26.999944492368165
1 2 29.999941324298113
1 3 26.99994557216822
1 3 26.99994622004825
2 1 23.999983294458772
1 1 23.999941595609883
2 1 23.999984256092787
0 0 23.999939774675855
1 3 26.99994660877627
0 0 23.999941861417305
1 2 29.99994367132619
2 1 23.999984833073196
2 2 23.999984556332617
2 2 23.999985013217092
1 2 29.99994592447314
0 2 23.999937443469314
2 2 23.99998528734778
1 1 23.99994549017626
1 1 23.999947826916085
2 2 23.99998545182619
1 2 29.99994808749421
2 1 23.999985179261444
1 3 26.999949276763676
1 3 26.99995087755612
0 0 23.999943113462173
1 1 23.99995000764757
1 1 23.99995131608646
0 2 23.99994046269338
0 1 29.999941324298113
1 3 26.99995183803159
1 3 26.99995241431687
2 0 29.999984745113395
0 3 23.999937585228928
0 3 23.99994142788468
2 0 29.99998535530886
2 1 23.999985835468056
0 0 23.999944744824624
2 1 23.999986229192025
2 0 29.999985941096504
1 0 23.99994458022379
2 3 23.99998444381368
0 3 23.999943733478126
0 1 29.99994367132619
0 0 23.999946568572202
0 0 23.99994766282075
2 3 23.999985605082948
2 1 23.99998667630996
0 1 29.99994592447314
1 0 23.99994805963219
0 1 29.99994808749421
0 2 23.999945589113945
2 2 23.99998620989046
2 3 23.99998630184451
1 0 23.999950147277232
2 1 23.99998694458072
0 0 23.99994990919037
0 2 23.999948664966283
0 1 29.99995016399444
0 0 23.99995200455222
1 0 23.99995139986426
1 3 26.999952760088036
0 0 23.99995326176933
0 0 23.9999540160996
1 0 23.999952151416473
0 2 23.99995125801777
1 0 23.9999526023478
2 1 23.999987105543173
1 1 23.999952101149795
2 3 23.999986719901447
2 1 23.999987202120646
0 0 23.99995446869776
1 0 23.999952872906597
0 0 23.999954740256655
2 3 23.99998697073561
2 0 29.999986503452643
2 3 23.999987323684316
0 1 29.999952157434663
0 1 29.999954071137275
2 3 23.999987535453542
1 2 29.99995016399444
2 0 29.999987043314537
0 2 23.99995422042008
0 2 23.999955997861466
1 1 23.999953319727876
1 2 29.999952157434663
1 1 23.999954768513206
1 2 29.999954071137275
1 3 26.99995512166224
0 3 23.999949705696295
1 0 23.99995518935338
0 0 23.999956309763412
0 2 23.9999570643263
1 2 29.99995590829178
1 3 26.999957199982383
0 3 23.999953289027196
0 1 29.99995590829178
0 3 23.99995610040136
1 2 29.99995767196011
1 2 29.999959365081708
1 0 23.999958485041443
0 0 23.999957912843087
0 3 23.99995778722586
0 1 29.99995767196011
2 2 23.999987061527506
0 2 23.99995900050142
0 1 29.999959365081708
0 1 29.999960990478442
0 1 29.999962550859305
1 1 23.999958232537338
1 3 26.999959691418844
2 1 23.99998765686562
