1 3 0.8999999999999999
1 0 -0.6
0 1 0
1 1 -0.6
1 3 0.9299999999999999
1 3 0.651
1 1 -0.12
2 3 -0.8999999999999999
2 1 0.0
2 0 0.8999999999999999
1 3 -0.14429999999999987
1 3 0
1 0 -0.12
0 1 0.8999999999999999
1 1 -0.08400000000000007
2 3 -0.33000000000000007
2 3 0
2 2 0.3
1 0 1.716
1 3 -0.10101000000000004
1 1 -0.05879999999999996
2 3 -0.23099999999999987
2 3 -0.16170000000000018
2 3 -0.1131899999999999
2 2 0.21000000000000002
2 0 0.9299999999999999
1 2 1.5
1 3 -0.07070700000000008
1 1 -0.04115999999999986
2 0 0.651
1 2 1.0499999999999998
1 2 0.7349999999999999
1 3 0.2505050999999998
1 0 -0.29880000000000007
0 0 -0.6
0 3 -0.6
0 2 -0.6
1 2 0.8144999999999993
0 1 -0.87
1 3 0
1 2 0
1 1 0.271188
1 3 0.17535356999999996
1 2 -1.2298499999999999
1 2 0
1 1 -0.11016840000000006
2 1 -0.3
2 0 0.7557
1 3 -0.1772525009999999
1 0 -0.5091600000000001
