0 3 -0.15000000000000002
1 3 0.0
2 0 0.15000000000000002
1 1 -0.15000000000000002
2 0 0.14250000000000002
0 2 -0.15000000000000002
2 0 0.13537500000000002
2 1 -0.15000000000000002
2 2 -0.15000000000000002
1 1 -0.14250000000000002
1 1 -0.13537500000000002
1 0 -0.15000000000000002
2 0 0.12860624999999998
0 1 0.15000000000000002
0 3 -0.14250000000000002
0 1 0.14250000000000002
1 3 0.0
0 3 -0.13537500000000002
2 0 0.1221759375
0 0 -0.15000000000000002
0 1 0.13537500000000002
2 0 0.11606714062500001
2 1 -0.14250000000000002
0 3 -0.12860624999999998
1 3 0
2 0 0.11026378359375
1 1 -0.12860624999999998
0 1 0.12860624999999998
1 2 0.15000000000000002
1 2 0.14250000000000002
1 0 -0.14250000000000002
2 0 0.10475059441406243
1 3 0.0
1 3 0.0
1 2 0.13537500000000002
1 0 -0.13537500000000002
2 1 -0.08537500000000003
2 1 -0.08110624999999994
0 2 -0.14250000000000002
2 1 -0.07705093750000003
1 2 0.12860624999999998
1 0 -0.12860624999999998
1 3 0.0
2 1 -0.073198390625
1 0 -0.1221759375
0 3 -0.1221759375
1 0 0.03393285937500001
0 0 -0.14250000000000002
0 3 -0.11606714062500001
1 2 0.1221759375
