1 3 0.8999999999999999
1 3 0
1 1 -0.6
2 0 0.8999999999999999
1 1 -0.42000000000000004
1 0 1.2
1 2 1.2
1 0 -0.06000000000000005
1 1 -0.29400000000000004
1 3 0.9299999999999999
1 2 0.8400000000000001
1 2 0.8879999999999999
1 2 0.6215999999999999
1 1 0.3942000000000001
2 1 -0.6
2 3 0
2 1 0
2 3 -0.6
1 0 1.458
1 2 0.7351200000000002
1 0 0.1205999999999996
0 0 -0.8999999999999999
0 1 0.8999999999999999
1 2 0.5145839999999993
1 1 1.47594
1 1 0.1331579999999999
2 2 -0.6
1 3 -0.2489999999999999
1 0 1.28442
1 3 0.7256999999999998
1 0 -0.0009059999999996293
1 0 -0.9006342000000003
0 1 0.9299999999999999
0 3 -0.6
0 0 -0.33000000000000007
1 3 1.4079900000000003
1 3 -0.8144070000000005
