1 0 -0.15000000000000002
2 0 0.15000000000000002
1 2 0.15000000000000002
2 1 -0.15000000000000002
1 2 0.14250000000000002
1 2 0.13537500000000002
0 0 -0.15000000000000002
2 3 -0.15000000000000002
2 1 -0.14250000000000002
1 2 0.12860624999999998
2 3 -0.14250000000000002
1 0 -0.14250000000000002
2 1 -0.13537500000000002
2 2 -0.15000000000000002
2 3 -0.13537500000000002
1 1 -0.15000000000000002
0 3 -0.15000000000000002
2 1 -0.12860624999999998
1 3 0.0
0 0 -0.14250000000000002
2 0 0.14250000000000002
0 0 -0.13537500000000002
1 0 -0.13537500000000002
2 3 -0.12860624999999998
0 0 -0.12860624999999998
0 2 -0.15000000000000002
2 1 -0.1221759375
2 2 -0.14250000000000002
0 3 -0.14250000000000002
2 0 0.13537500000000002
0 0 -0.1221759375
2 2 -0.13537500000000002
1 3 0.0
2 2 -0.12860624999999998
2 3 -0.1221759375
0 2 -0.14250000000000002
2 0 0
2 2 -0.1221759375
2 0 0.12860624999999998
0 2 -0.13537500000000002
1 3 0.0
0 3 -0.13537500000000002
1 3 0.0
0 0 -0.11606714062500001
2 1 -0.11606714062500001
2 1 -0.11026378359375
2 3 -0.11606714062500001
0 2 -0.12860624999999998
2 1 -0.10475059441406243
0 1 0.15000000000000002
1 3 0.0
2 2 -0.11606714062500001
2 3 -0.11026378359375
1 3 0.0
1 0 -0.12860624999999998
1 2 0.1221759375
0 3 -0.12860624999999998
1 0 -0.1221759375
0 2 -0.1221759375
0 0 -0.11026378359375
0 0 -0.10475059441406243
2 3 -0.10475059441406243
1 3 0.0
1 3 0.0
2 0 0.1221759375
1 0 -0.11606714062500001
2 1 -0.0995130646933593
2 1 -0.09453741145869143
2 1 -0.08981054088575702
2 1 -0.08532001384146914
0 1 0.14250000000000002
2 1 -0.08105401314939531
2 1 -0.07700131249192577
1 3 0.0
1 3 0.0
1 3 0.0
1 3 0.0
1 3 0.0
1 0 -0.11026378359375
2 3 -0.0995130646933593
2 3 -0.09453741145869143
0 3 -0.1221759375
0 2 -0.11606714062500001
1 1 -0.14250000000000002
0 1 0.13537500000000002
1 0 -0.10475059441406243
1 1 -0.13537500000000002
2 3 -0.08981054088575702
1 1 -0.12860624999999998
0 2 -0.11026378359375
1 0 -0.0995130646933593
0 2 -0.10475059441406243
0 0 -0.0995130646933593
1 3 0.0
1 2 -0.03393285937500001
2 2 -0.11026378359375
2 2 -0.10475059441406243
0 3 -0.11606714062500001
2 0 0.11606714062500001
0 2 -0.0995130646933593
