1 1 -0.30000000000000004
0 3 -0.30000000000000004
1 1 -0.27
2 0 0.30000000000000004
2 3 -0.30000000000000004
0 3 -0.27
0 3 -0.2430000000000001
2 0 0.27
2 2 -0.30000000000000004
0 2 -0.30000000000000004
2 1 -0.30000000000000004
0 0 -0.30000000000000004
1 0 -0.30000000000000004
2 0 0.2430000000000001
1 1 -0.2430000000000001
2 0 0.21870000000000012
1 1 -0.21870000000000012
2 2 -0.17000000000000004
0 0 -0.27
0 0 -0.2430000000000001
1 2 0.30000000000000004
0 0 -0.21870000000000012
0 2 -0.27
1 0 -0.27
2 0 0.2968299999999999
