2 1 -0.30000000000000004
0 3 -0.30000000000000004
1 0 -0.30000000000000004
0 1 -0.30000000000000004
0 0 -0.30000000000000004
0 3 -0.27
0 0 -0.27
0 2 -0.30000000000000004
1 2 0.30000000000000004
1 2 0.27
1 2 0.2430000000000001
0 1 0.33
1 0 -0.27
2 2 -0.30000000000000004
1 3 -0.30000000000000004
0 0 0
1 2 0.21870000000000012
0 3 0
2 0 0.30000000000000004
0 2 -0.27
1 3 0.12999999999999998
2 1 -0.27
0 1 0.29700000000000004
2 3 -0.30000000000000004
2 3 -0.27
2 0 0.27
0 3 -0.2430000000000001
0 2 -0.2430000000000001
1 2 0.2968299999999999
2 0 0.2430000000000001
1 1 -0.2
0 0 -0.2430000000000001
1 2 0.267147
0 2 -0.21870000000000012
0 0 -0.21870000000000012
1 2 0.24043230000000015
1 2 0.21638906999999996
1 0 -0.14300000000000002
1 0 -0.12870000000000004
2 0 0.21870000000000012
1 3 0.11700000000000002
1 1 -0.18
0 2 -0.19683000000000006
1 3 0.1053
0 0 -0.19683000000000006
2 2 -0.17000000000000004
2 3 -0.14300000000000002
2 3 -0.12870000000000004
2 3 -0.1158300000000001
1 0 -0.1158300000000001
2 2 -0.15300000000000002
2 0 0.2968299999999999
0 0 -0.17714699999999994
2 1 -0.14300000000000002
1 2 0.19475016300000014
0 0 -0.15943229999999997
0 1 0.26730000000000004
1 1 -0.16200000000000003
0 2 -0.17714699999999994
0 0 -0.14348907
0 2 -0.15943229999999997
2 3 -0.10424699999999998
0 1 0.24057000000000006
1 0 -0.10424699999999998
1 0 -0.09382230000000003
2 2 -0.13770000000000004
2 3 -0.09382230000000003
2 0 0.267147
2 2 -0.1239300000000001
1 0 -0.08444006999999987
1 1 -0.14580000000000004
0 3 -0.21870000000000012
1 2 0.17527514669999977
0 3 -0.19683000000000006
0 1 0.21651300000000007
2 1 -0.12870000000000004
2 0 0.24043230000000015
0 1 0.2948617
0 2 -0.04348906999999991
1 3 0.09477000000000002
2 3 -0.08444006999999987
1 0 -0.07599606300000006
2 2 -0.111537
2 2 -0.10038330000000006
0 2 -0.039140162999999895
0 1 0.26537553
2 1 -0.1158300000000001
0 2 -0.035226146699999905
0 0 -0.029140162999999886
2 1 -0.10424699999999998
2 0 0.21638906999999996
0 1 0.2388379770000002
1 2 0.15774763202999997
0 1 0.21495417929999983
1 2 0.1419728688270001
0 3 -0.07714699999999985
1 3 0.08529300000000001
1 3 0.07676369999999999
0 3 -0.06943229999999989
0 2 -0.03170353203000009
