0 0 -0.30000000000000004
2 2 -0.30000000000000004
0 1 0.30000000000000004
0 1 0.27
0 0 -0.27
2 2 -0.27
1 2 0.30000000000000004
1 2 0.27
2 2 -0.2430000000000001
1 2 0.2430000000000001
0 0 -0.2430000000000001
2 0 0.30000000000000004
0 3 -0.30000000000000004
0 2 -0.30000000000000004
1 1 -0.30000000000000004
0 1 0.2430000000000001
2 0 0.27
2 2 -0.21870000000000012
2 2 -0.19683000000000006
0 0 -0.21870000000000012
2 2 -0.17714699999999994
1 2 0.21870000000000012
2 0 0.2430000000000001
1 1 -0.17000000000000004
2 0 -0.3813000000000001
1 2 0.2968299999999999
2 3 -0.30000000000000004
0 3 -0.27
0 3 -0.2430000000000001
1 1 -0.15300000000000002
0 1 0.21870000000000012
2 1 -0.30000000000000004
0 3 -0.11870000000000003
0 2 -0.17000000000000004
1 0 -0.2
2 2 -0.15943229999999997
1 0 -0.18
2 3 -0.27
1 2 0.267147
2 2 -0.14348907
1 3 0.1
1 1 -0.13770000000000004
0 1 0.2968299999999999
0 1 0.267147
0 1 0.24043230000000015
0 0 -0.09682999999999997
2 1 -0.27
0 1 0.21638906999999996
2 1 -0.2430000000000001
1 2 0.24043230000000015
